All	all_regions		0	1.0	750167	750167
All	all_regions		1	1.0	750167	265199
All	all_regions		2	0.8375255109862204	628284	143316
All	all_regions		3	0.7127079703586001	534650	96499
All	all_regions		4	0.5836327111163248	437822	64223
All	all_regions		5	0.46708799507309706	350394	42366
All	all_regions		7	0.2892622576039735	216995	17664
All	all_regions		10	0.1579874881193121	118517	4878
All	all_regions		20	0.094516287706604	70903	818
All	all_regions		30	0.08770313810124945	65792	601
0	chr1:78921650-78921784	ELTD_1	0	1.0	6460	6460
0	chr1:78921650-78921784	ELTD_1	1	1.0	6460	1854
0	chr1:78921650-78921784	ELTD_1	2	0.9021671826625387	5828	1222
0	chr1:78921650-78921784	ELTD_1	3	0.8164086687306501	5274	945
0	chr1:78921650-78921784	ELTD_1	4	0.7109907120743034	4593	718
0	chr1:78921650-78921784	ELTD_1	5	0.5989164086687306	3869	537
0	chr1:78921650-78921784	ELTD_1	7	0.38993808049535605	2519	286
0	chr1:78921650-78921784	ELTD_1	10	0.1346749226006192	870	73
0	chr1:78921650-78921784	ELTD_1	20	0.003405572755417957	22	1
0	chr1:78921650-78921784	ELTD_1	30	0.0	0	0
1	chr1:78921710-78921783	ELTD_1	0	1.0	13	13
1	chr1:78921710-78921783	ELTD_1	1	1.0	13	10
1	chr1:78921710-78921783	ELTD_1	2	0.3076923076923077	4	1
1	chr1:78921710-78921783	ELTD_1	3	0.3076923076923077	4	1
1	chr1:78921710-78921783	ELTD_1	4	0.3076923076923077	4	1
1	chr1:78921710-78921783	ELTD_1	5	0.0	0	0
1	chr1:78921710-78921783	ELTD_1	7	0.0	0	0
1	chr1:78921710-78921783	ELTD_1	10	0.0	0	0
1	chr1:78921710-78921783	ELTD_1	20	0.0	0	0
1	chr1:78921710-78921783	ELTD_1	30	0.0	0	0
2	chr1:114709543-114709624	NRAS_146_3	0	1.0	4211	4211
2	chr1:114709543-114709624	NRAS_146_3	1	1.0	4211	1825
2	chr1:114709543-114709624	NRAS_146_3	2	0.8064592733317502	3396	1010
2	chr1:114709543-114709624	NRAS_146_3	3	0.6269294704345761	2640	632
2	chr1:114709543-114709624	NRAS_146_3	4	0.42816433151270483	1803	353
2	chr1:114709543-114709624	NRAS_146_3	5	0.2828306815483258	1191	200
2	chr1:114709543-114709624	NRAS_146_3	7	0.07979102350985515	336	42
2	chr1:114709543-114709624	NRAS_146_3	10	0.008786511517454286	37	3
2	chr1:114709543-114709624	NRAS_146_3	20	0.0	0	0
2	chr1:114709543-114709624	NRAS_146_3	30	0.0	0	0
3	chr1:114713878-114713960	NRAS_881_3	0	1.0	26598	26598
3	chr1:114713878-114713960	NRAS_881_3	1	1.0	26598	11071
3	chr1:114713878-114713960	NRAS_881_3	2	0.8231821941499361	21895	6368
3	chr1:114713878-114713960	NRAS_881_3	3	0.6492593428077299	17269	4055
3	chr1:114713878-114713960	NRAS_881_3	4	0.4605609444319122	12250	2382
3	chr1:114713878-114713960	NRAS_881_3	5	0.30250394766523797	8046	1331
3	chr1:114713878-114713960	NRAS_881_3	7	0.10267689299947365	2731	341
3	chr1:114713878-114713960	NRAS_881_3	10	0.01673058124671028	445	40
3	chr1:114713878-114713960	NRAS_881_3	20	0.0	0	0
3	chr1:114713878-114713960	NRAS_881_3	30	0.0	0	0
4	chr1:114716092-114716160	NRAS_089	0	1.0	26056	26056
4	chr1:114716092-114716160	NRAS_089	1	1.0	26056	10920
4	chr1:114716092-114716160	NRAS_089	2	0.8132867669634634	21191	6055
4	chr1:114716092-114716160	NRAS_089	3	0.6484111145225668	16895	3907
4	chr1:114716092-114716160	NRAS_089	4	0.47271261897451644	12317	2381
4	chr1:114716092-114716160	NRAS_089	5	0.3145916487565244	8197	1351
4	chr1:114716092-114716160	NRAS_089	7	0.11106846791525944	2894	359
4	chr1:114716092-114716160	NRAS_089	10	0.020878108688977586	544	49
4	chr1:114716092-114716160	NRAS_089	20	0.0	0	0
4	chr1:114716092-114716160	NRAS_089	30	0.0	0	0
6	chr10:87933004-87933079	PTEN_91_98	0	1.0	291	291
6	chr10:87933004-87933079	PTEN_91_98	1	1.0	291	147
6	chr10:87933004-87933079	PTEN_91_98	2	0.7457044673539519	217	73
6	chr10:87933004-87933079	PTEN_91_98	3	0.5326460481099656	155	42
6	chr10:87933004-87933079	PTEN_91_98	4	0.30584192439862545	89	20
6	chr10:87933004-87933079	PTEN_91_98	5	0.12714776632302405	37	7
6	chr10:87933004-87933079	PTEN_91_98	7	0.0	0	0
6	chr10:87933004-87933079	PTEN_91_98	10	0.0	0	0
6	chr10:87933004-87933079	PTEN_91_98	20	0.0	0	0
6	chr10:87933004-87933079	PTEN_91_98	30	0.0	0	0
7	chr10:87952110-87952196	PTEN_115	0	1.0	22524	22524
7	chr10:87952110-87952196	PTEN_115	1	1.0	22524	7079
7	chr10:87952110-87952196	PTEN_115	2	0.8967323743562422	20198	4753
7	chr10:87952110-87952196	PTEN_115	3	0.7875155389806429	17738	3523
7	chr10:87952110-87952196	PTEN_115	4	0.6565885277925768	14789	2540
7	chr10:87952110-87952196	PTEN_115	5	0.5168264961818505	11641	1753
7	chr10:87952110-87952196	PTEN_115	7	0.2669152903569526	6012	717
7	chr10:87952110-87952196	PTEN_115	10	0.0717012963949565	1615	144
7	chr10:87952110-87952196	PTEN_115	20	0.0	0	0
7	chr10:87952110-87952196	PTEN_115	30	0.0	0	0
8	chr10:87961008-87961098	PTEN_911	0	1.0	8022	8022
8	chr10:87961008-87961098	PTEN_911	1	1.0	8022	3381
8	chr10:87961008-87961098	PTEN_911	2	0.8213662428322114	6589	1948
8	chr10:87961008-87961098	PTEN_911	3	0.6401146846173024	5135	1221
8	chr10:87961008-87961098	PTEN_911	4	0.44340563450511095	3557	695
8	chr10:87961008-87961098	PTEN_911	5	0.28484168536524557	2285	377
8	chr10:87961008-87961098	PTEN_911	7	0.09910246821241586	795	99
8	chr10:87961008-87961098	PTEN_911	10	0.018823236100723013	151	14
8	chr10:87961008-87961098	PTEN_911	20	0.0	0	0
8	chr10:87961008-87961098	PTEN_911	30	0.0	0	0
9	chr11:61391244-61391288		0	1.0	132	132
9	chr11:61391244-61391288		1	1.0	132	120
9	chr11:61391244-61391288		2	0.1590909090909091	21	9
9	chr11:61391244-61391288		3	0.05303030303030303	7	2
9	chr11:61391244-61391288		4	0.030303030303030304	4	1
9	chr11:61391244-61391288		5	0.0	0	0
9	chr11:61391244-61391288		7	0.0	0	0
9	chr11:61391244-61391288		10	0.0	0	0
9	chr11:61391244-61391288		20	0.0	0	0
9	chr11:61391244-61391288		30	0.0	0	0
10	chr12:25225592-25225717	KRAS_144_147A	0	1.0	3177	3177
10	chr12:25225592-25225717	KRAS_144_147A	1	1.0	3177	852
10	chr12:25225592-25225717	KRAS_144_147A	2	0.9474346868114574	3010	685
10	chr12:25225592-25225717	KRAS_144_147A	3	0.8605602769908719	2734	547
10	chr12:25225592-25225717	KRAS_144_147A	4	0.7179729304375196	2281	396
10	chr12:25225592-25225717	KRAS_144_147A	5	0.5480012590494177	1741	261
10	chr12:25225592-25225717	KRAS_144_147A	7	0.2581051306263771	820	92
10	chr12:25225592-25225717	KRAS_144_147A	10	0.0969468051621026	308	27
10	chr12:25225592-25225717	KRAS_144_147A	20	0.0	0	0
10	chr12:25225592-25225717	KRAS_144_147A	30	0.0	0	0
11	chr12:25225659-25225750	KRAS_144_147A	0	1.0	9356	9356
11	chr12:25225659-25225750	KRAS_144_147A	1	1.0	9356	3077
11	chr12:25225659-25225750	KRAS_144_147A	2	0.8825352714835399	8257	1978
11	chr12:25225659-25225750	KRAS_144_147A	3	0.766673792218897	7173	1436
11	chr12:25225659-25225750	KRAS_144_147A	4	0.6255878580589995	5853	996
11	chr12:25225659-25225750	KRAS_144_147A	5	0.4926250534416417	4609	685
11	chr12:25225659-25225750	KRAS_144_147A	7	0.27180418982471144	2543	302
11	chr12:25225659-25225750	KRAS_144_147A	10	0.07246686618212911	678	62
11	chr12:25225659-25225750	KRAS_144_147A	20	0.0	0	0
11	chr12:25225659-25225750	KRAS_144_147A	30	0.0	0	0
12	chr12:25227300-25227378	KRAS_59_1	0	1.0	8372	8372
12	chr12:25227300-25227378	KRAS_59_1	1	1.0	8372	2651
12	chr12:25227300-25227378	KRAS_59_1	2	0.8971571906354515	7511	1790
12	chr12:25227300-25227378	KRAS_59_1	3	0.7844003822264691	6567	1318
12	chr12:25227300-25227378	KRAS_59_1	4	0.6453655040611562	5403	930
12	chr12:25227300-25227378	KRAS_59_1	5	0.49629718107978976	4155	618
12	chr12:25227300-25227378	KRAS_59_1	7	0.26158623984710944	2190	256
12	chr12:25227300-25227378	KRAS_59_1	10	0.0817009077878643	684	60
12	chr12:25227300-25227378	KRAS_59_1	20	0.0	0	0
12	chr12:25227300-25227378	KRAS_59_1	30	0.0	0	0
13	chr12:25245267-25245396	KRAS_1	0	1.0	23870	23870
13	chr12:25245267-25245396	KRAS_1	1	1.0	23870	6083
13	chr12:25245267-25245396	KRAS_1	2	0.9298282362798492	22195	4408
13	chr12:25245267-25245396	KRAS_1	3	0.8613741097612065	20561	3591
13	chr12:25245267-25245396	KRAS_1	4	0.7522832006702974	17957	2723
13	chr12:25245267-25245396	KRAS_1	5	0.6359865940511101	15181	2029
13	chr12:25245267-25245396	KRAS_1	7	0.41629660661918727	9937	1064
13	chr12:25245267-25245396	KRAS_1	10	0.19149560117302053	4571	378
13	chr12:25245267-25245396	KRAS_1	20	0.008797653958944282	210	10
13	chr12:25245267-25245396	KRAS_1	30	0.0	0	0
14	chr12:45836877-45836956	ARID2_880	0	1.0	19916	19916
14	chr12:45836877-45836956	ARID2_880	1	1.0	19916	7975
14	chr12:45836877-45836956	ARID2_880	2	0.8271239204659571	16473	4532
14	chr12:45836877-45836956	ARID2_880	3	0.6668507732476401	13281	2936
14	chr12:45836877-45836956	ARID2_880	4	0.4982928298855192	9924	1817
14	chr12:45836877-45836956	ARID2_880	5	0.35629644506929103	7096	1110
14	chr12:45836877-45836956	ARID2_880	7	0.16489254870455916	3284	401
14	chr12:45836877-45836956	ARID2_880	10	0.03740710986141796	745	67
14	chr12:45836877-45836956	ARID2_880	20	0.0	0	0
14	chr12:45836877-45836956	ARID2_880	30	0.0	0	0
15	chr12:45848840-45848921		0	1.0	22994	22994
15	chr12:45848840-45848921		1	1.0	22994	6887
15	chr12:45848840-45848921		2	0.9091502130990693	20905	4798
15	chr12:45848840-45848921		3	0.8033834913455684	18473	3582
15	chr12:45848840-45848921		4	0.6734365486648691	15485	2586
15	chr12:45848840-45848921		5	0.5349656432112725	12301	1790
15	chr12:45848840-45848921		7	0.30690614943028616	7057	822
15	chr12:45848840-45848921		10	0.09832999913020787	2261	198
15	chr12:45848840-45848921		20	0.0008697921196833957	20	1
15	chr12:45848840-45848921		30	0.0	0	0
16	chr13:27015215-27015338		0	1.0	3	3
16	chr13:27015215-27015338		1	1.0	3	1
16	chr13:27015215-27015338		2	1.0	3	1
16	chr13:27015215-27015338		3	1.0	3	1
16	chr13:27015215-27015338		4	0.0	0	0
16	chr13:27015215-27015338		5	0.0	0	0
16	chr13:27015215-27015338		7	0.0	0	0
16	chr13:27015215-27015338		10	0.0	0	0
16	chr13:27015215-27015338		20	0.0	0	0
16	chr13:27015215-27015338		30	0.0	0	0
17	chr13:42600909-42600939		0	1.0	3	3
17	chr13:42600909-42600939		1	1.0	3	1
17	chr13:42600909-42600939		2	1.0	3	1
17	chr13:42600909-42600939		3	1.0	3	1
17	chr13:42600909-42600939		4	0.0	0	0
17	chr13:42600909-42600939		5	0.0	0	0
17	chr13:42600909-42600939		7	0.0	0	0
17	chr13:42600909-42600939		10	0.0	0	0
17	chr13:42600909-42600939		20	0.0	0	0
17	chr13:42600909-42600939		30	0.0	0	0
18	chr14:77269793-77269826		0	1.0	1522	1522
18	chr14:77269793-77269826		1	1.0	1522	1409
18	chr14:77269793-77269826		2	0.14323258869908015	218	105
18	chr14:77269793-77269826		3	0.01576872536136662	24	8
18	chr14:77269793-77269826		4	0.0	0	0
18	chr14:77269793-77269826		5	0.0	0	0
18	chr14:77269793-77269826		7	0.0	0	0
18	chr14:77269793-77269826		10	0.0	0	0
18	chr14:77269793-77269826		20	0.0	0	0
18	chr14:77269793-77269826		30	0.0	0	0
19	chr14:99420941-99420985		0	1.0	89	89
19	chr14:99420941-99420985		1	1.0	89	62
19	chr14:99420941-99420985		2	0.39325842696629215	35	8
19	chr14:99420941-99420985		3	0.34831460674157305	31	6
19	chr14:99420941-99420985		4	0.3146067415730337	28	5
19	chr14:99420941-99420985		5	0.2247191011235955	20	3
19	chr14:99420941-99420985		7	0.11235955056179775	10	1
19	chr14:99420941-99420985		10	0.11235955056179775	10	1
19	chr14:99420941-99420985		20	0.0	0	0
19	chr14:99420941-99420985		30	0.0	0	0
20	chr14:104780190-104780266	AKT_1_33765_v3	0	1.0	17553	17553
20	chr14:104780190-104780266	AKT_1_33765_v3	1	1.0	17553	6408
20	chr14:104780190-104780266	AKT_1_33765_v3	2	0.8568335896997664	15040	3895
20	chr14:104780190-104780266	AKT_1_33765_v3	3	0.7284224918817296	12786	2768
20	chr14:104780190-104780266	AKT_1_33765_v3	4	0.5699880362331226	10005	1841
20	chr14:104780190-104780266	AKT_1_33765_v3	5	0.41274995727226116	7245	1151
20	chr14:104780190-104780266	AKT_1_33765_v3	7	0.176835868512505	3104	383
20	chr14:104780190-104780266	AKT_1_33765_v3	10	0.03452401298923261	606	54
20	chr14:104780190-104780266	AKT_1_33765_v3	20	0.0	0	0
20	chr14:104780190-104780266	AKT_1_33765_v3	30	0.0	0	0
21	chr15:41426680-41426725		0	1.0	19	19
21	chr15:41426680-41426725		1	1.0	19	16
21	chr15:41426680-41426725		2	0.2631578947368421	5	2
21	chr15:41426680-41426725		3	0.15789473684210525	3	1
21	chr15:41426680-41426725		4	0.0	0	0
21	chr15:41426680-41426725		5	0.0	0	0
21	chr15:41426680-41426725		7	0.0	0	0
21	chr15:41426680-41426725		10	0.0	0	0
21	chr15:41426680-41426725		20	0.0	0	0
21	chr15:41426680-41426725		30	0.0	0	0
22	chr17:7669613-7669722	TP53_374_385	0	1.0	6111	6111
22	chr17:7669613-7669722	TP53_374_385	1	1.0	6111	2391
22	chr17:7669613-7669722	TP53_374_385	2	0.8373424971363116	5117	1397
22	chr17:7669613-7669722	TP53_374_385	3	0.6926853215513009	4233	955
22	chr17:7669613-7669722	TP53_374_385	4	0.524300441826215	3204	612
22	chr17:7669613-7669722	TP53_374_385	5	0.35477008672884963	2168	353
22	chr17:7669613-7669722	TP53_374_385	7	0.13942071674030437	852	107
22	chr17:7669613-7669722	TP53_374_385	10	0.02667321224022255	163	15
22	chr17:7669613-7669722	TP53_374_385	20	0.0	0	0
22	chr17:7669613-7669722	TP53_374_385	30	0.0	0	0
23	chr17:7670627-7670732	TP53_345	0	1.0	19580	19580
23	chr17:7670627-7670732	TP53_345	1	1.0	19580	6505
23	chr17:7670627-7670732	TP53_345	2	0.8790091930541368	17211	4136
23	chr17:7670627-7670732	TP53_345	3	0.7557201225740552	14797	2929
23	chr17:7670627-7670732	TP53_345	4	0.6260980592441266	12259	2083
23	chr17:7670627-7670732	TP53_345	5	0.49371807967313586	9667	1435
23	chr17:7670627-7670732	TP53_345	7	0.2676200204290092	5240	617
23	chr17:7670627-7670732	TP53_345	10	0.07650663942798774	1498	133
23	chr17:7670627-7670732	TP53_345	20	0.003166496424923391	62	3
23	chr17:7670627-7670732	TP53_345	30	0.0	0	0
24	chr17:7673502-7673585	TP53_323	0	1.0	4394	4394
24	chr17:7673502-7673585	TP53_323	1	1.0	4394	1659
24	chr17:7673502-7673585	TP53_323	2	0.8573054164770141	3767	1032
24	chr17:7673502-7673585	TP53_323	3	0.7011834319526628	3081	689
24	chr17:7673502-7673585	TP53_323	4	0.5277651342740101	2319	435
24	chr17:7673502-7673585	TP53_323	5	0.36663632225762405	1611	258
24	chr17:7673502-7673585	TP53_323	7	0.14451524806554392	635	78
24	chr17:7673502-7673585	TP53_323	10	0.02753755120619026	121	11
24	chr17:7673502-7673585	TP53_323	20	0.0	0	0
24	chr17:7673502-7673585	TP53_323	30	0.0	0	0
25	chr17:7673672-7673826	TP53_298_306	0	1.0	16929	16929
25	chr17:7673672-7673826	TP53_298_306	1	1.0	16929	6519
25	chr17:7673672-7673826	TP53_298_306	2	0.8390336109634355	14204	3794
25	chr17:7673672-7673826	TP53_298_306	3	0.6957292220450115	11778	2581
25	chr17:7673672-7673826	TP53_298_306	4	0.529860003544214	8970	1645
25	chr17:7673672-7673826	TP53_298_306	5	0.3828932600862425	6482	1023
25	chr17:7673672-7673826	TP53_298_306	7	0.16917715163329197	2864	351
25	chr17:7673672-7673826	TP53_298_306	10	0.03945891665189911	668	59
25	chr17:7673672-7673826	TP53_298_306	20	0.0	0	0
25	chr17:7673672-7673826	TP53_298_306	30	0.0	0	0
26	chr17:7674160-7674237	TP53_0248_0261	0	1.0	4564	4564
26	chr17:7674160-7674237	TP53_0248_0261	1	1.0	4564	1970
26	chr17:7674160-7674237	TP53_0248_0261	2	0.7881244522348817	3597	1003
26	chr17:7674160-7674237	TP53_0248_0261	3	0.6365030674846626	2905	657
26	chr17:7674160-7674237	TP53_0248_0261	4	0.4721735319894829	2155	407
26	chr17:7674160-7674237	TP53_0248_0261	5	0.32230499561787906	1471	236
26	chr17:7674160-7674237	TP53_0248_0261	7	0.13540753724802804	618	77
26	chr17:7674160-7674237	TP53_0248_0261	10	0.023882559158632778	109	10
26	chr17:7674160-7674237	TP53_0248_0261	20	0.0	0	0
26	chr17:7674160-7674237	TP53_0248_0261	30	0.0	0	0
27	chr17:7674210-7674289	TP53_0248_0261	0	1.0	1932	1932
27	chr17:7674210-7674289	TP53_0248_0261	1	1.0	1932	618
27	chr17:7674210-7674289	TP53_0248_0261	2	0.8850931677018633	1710	396
27	chr17:7674210-7674289	TP53_0248_0261	3	0.777432712215321	1502	292
27	chr17:7674210-7674289	TP53_0248_0261	4	0.6469979296066253	1250	208
27	chr17:7674210-7674289	TP53_0248_0261	5	0.5289855072463768	1022	151
27	chr17:7674210-7674289	TP53_0248_0261	7	0.28467908902691513	550	64
27	chr17:7674210-7674289	TP53_0248_0261	10	0.08695652173913043	168	15
27	chr17:7674210-7674289	TP53_0248_0261	20	0.0	0	0
27	chr17:7674210-7674289	TP53_0248_0261	30	0.0	0	0
28	chr17:7674819-7674943	TP53_219_224	0	1.0	3710	3710
28	chr17:7674819-7674943	TP53_219_224	1	1.0	3710	1498
28	chr17:7674819-7674943	TP53_219_224	2	0.8293800539083558	3077	865
28	chr17:7674819-7674943	TP53_219_224	3	0.667654986522911	2477	565
28	chr17:7674819-7674943	TP53_219_224	4	0.5002695417789758	1856	358
28	chr17:7674819-7674943	TP53_219_224	5	0.33962264150943394	1260	209
28	chr17:7674819-7674943	TP53_219_224	7	0.11913746630727763	442	57
28	chr17:7674819-7674943	TP53_219_224	10	0.013746630727762802	51	5
28	chr17:7674819-7674943	TP53_219_224	20	0.0	0	0
28	chr17:7674819-7674943	TP53_219_224	30	0.0	0	0
29	chr17:7674891-7674999	TP53_0196_0205	0	1.0	5342	5342
29	chr17:7674891-7674999	TP53_0196_0205	1	1.0	5342	1964
29	chr17:7674891-7674999	TP53_0196_0205	2	0.8586671658554849	4587	1209
29	chr17:7674891-7674999	TP53_0196_0205	3	0.72163983526769	3855	843
29	chr17:7674891-7674999	TP53_0196_0205	4	0.541370273305878	2892	522
29	chr17:7674891-7674999	TP53_0196_0205	5	0.4028453762635717	2152	337
29	chr17:7674891-7674999	TP53_0196_0205	7	0.19131411456383376	1022	125
29	chr17:7674891-7674999	TP53_0196_0205	10	0.04492699363534257	240	22
29	chr17:7674891-7674999	TP53_0196_0205	20	0.0	0	0
29	chr17:7674891-7674999	TP53_0196_0205	30	0.0	0	0
30	chr17:7675033-7675134	TP53_172A	0	1.0	18661	18661
30	chr17:7675033-7675134	TP53_172A	1	1.0	18661	6902
30	chr17:7675033-7675134	TP53_172A	2	0.8500080381544397	15862	4103
30	chr17:7675033-7675134	TP53_172A	3	0.7187181823053427	13412	2878
30	chr17:7675033-7675134	TP53_172A	4	0.5674401157494239	10589	1937
30	chr17:7675033-7675134	TP53_172A	5	0.4218959326938535	7873	1258
30	chr17:7675033-7675134	TP53_172A	7	0.17491024060875623	3264	404
30	chr17:7675033-7675134	TP53_172A	10	0.033224371684261296	620	55
30	chr17:7675033-7675134	TP53_172A	20	0.0	0	0
30	chr17:7675033-7675134	TP53_172A	30	0.0	0	0
31	chr17:7675940-7676099	TP53_122	0	1.0	9750	9750
31	chr17:7675940-7676099	TP53_122	1	1.0	9750	3847
31	chr17:7675940-7676099	TP53_122	2	0.8347692307692308	8139	2236
31	chr17:7675940-7676099	TP53_122	3	0.6801025641025641	6631	1482
31	chr17:7675940-7676099	TP53_122	4	0.505948717948718	4933	916
31	chr17:7675940-7676099	TP53_122	5	0.3648205128205128	3557	572
31	chr17:7675940-7676099	TP53_122	7	0.14133333333333334	1378	168
31	chr17:7675940-7676099	TP53_122	10	0.031384615384615386	306	27
31	chr17:7675940-7676099	TP53_122	20	0.0	0	0
31	chr17:7675940-7676099	TP53_122	30	0.0	0	0
32	chr17:7676016-7676144	TP53_113_125	0	1.0	5950	5950
32	chr17:7676016-7676144	TP53_113_125	1	1.0	5950	2527
32	chr17:7676016-7676144	TP53_113_125	2	0.8030252100840336	4778	1355
32	chr17:7676016-7676144	TP53_113_125	3	0.639327731092437	3804	868
32	chr17:7676016-7676144	TP53_113_125	4	0.4673949579831933	2781	527
32	chr17:7676016-7676144	TP53_113_125	5	0.3235294117647059	1925	313
32	chr17:7676016-7676144	TP53_113_125	7	0.1289075630252101	767	97
32	chr17:7676016-7676144	TP53_113_125	10	0.014621848739495798	87	7
32	chr17:7676016-7676144	TP53_113_125	20	0.0	0	0
32	chr17:7676016-7676144	TP53_113_125	30	0.0	0	0
33	chr17:7676360-7676439	TP53_026	0	1.0	5576	5576
33	chr17:7676360-7676439	TP53_026	1	1.0	5576	2126
33	chr17:7676360-7676439	TP53_026	2	0.8428981348637016	4700	1250
33	chr17:7676360-7676439	TP53_026	3	0.7094691535150646	3956	878
33	chr17:7676360-7676439	TP53_026	4	0.5389167862266858	3005	561
33	chr17:7676360-7676439	TP53_026	5	0.37751076040172166	2105	336
33	chr17:7676360-7676439	TP53_026	7	0.15477044476327118	863	108
33	chr17:7676360-7676439	TP53_026	10	0.019727403156384504	110	10
33	chr17:7676360-7676439	TP53_026	20	0.0	0	0
33	chr17:7676360-7676439	TP53_026	30	0.0	0	0
34	chr17:39724683-39724777	ERBB2_14062_v1	0	1.0	1694	1694
34	chr17:39724683-39724777	ERBB2_14062_v1	1	1.0	1694	811
34	chr17:39724683-39724777	ERBB2_14062_v1	2	0.7650531286894924	1296	413
34	chr17:39724683-39724777	ERBB2_14062_v1	3	0.5619834710743802	952	241
34	chr17:39724683-39724777	ERBB2_14062_v1	4	0.34415584415584416	583	118
34	chr17:39724683-39724777	ERBB2_14062_v1	5	0.21192443919716647	359	62
34	chr17:39724683-39724777	ERBB2_14062_v1	7	0.06080283353010626	103	13
34	chr17:39724683-39724777	ERBB2_14062_v1	10	0.006493506493506494	11	1
34	chr17:39724683-39724777	ERBB2_14062_v1	20	0.0	0	0
34	chr17:39724683-39724777	ERBB2_14062_v1	30	0.0	0	0
35	chr19:42335146-42335231		0	1.0	8	8
35	chr19:42335146-42335231		1	1.0	8	5
35	chr19:42335146-42335231		2	0.625	5	2
35	chr19:42335146-42335231		3	0.375	3	1
35	chr19:42335146-42335231		4	0.0	0	0
35	chr19:42335146-42335231		5	0.0	0	0
35	chr19:42335146-42335231		7	0.0	0	0
35	chr19:42335146-42335231		10	0.0	0	0
35	chr19:42335146-42335231		20	0.0	0	0
35	chr19:42335146-42335231		30	0.0	0	0
36	chr2:26479321-26479399		0	1.0	29	29
36	chr2:26479321-26479399		1	1.0	29	14
36	chr2:26479321-26479399		2	0.7586206896551724	22	7
36	chr2:26479321-26479399		3	0.5517241379310345	16	4
36	chr2:26479321-26479399		4	0.3448275862068966	10	2
36	chr2:26479321-26479399		5	0.20689655172413793	6	1
36	chr2:26479321-26479399		7	0.0	0	0
36	chr2:26479321-26479399		10	0.0	0	0
36	chr2:26479321-26479399		20	0.0	0	0
36	chr2:26479321-26479399		30	0.0	0	0
37	chr2:29209760-29209839	ALK7_v2	0	1.0	808	808
37	chr2:29209760-29209839	ALK7_v2	1	1.0	808	368
37	chr2:29209760-29209839	ALK7_v2	2	0.7846534653465347	634	194
37	chr2:29209760-29209839	ALK7_v2	3	0.6014851485148515	486	120
37	chr2:29209760-29209839	ALK7_v2	4	0.3972772277227723	321	65
37	chr2:29209760-29209839	ALK7_v2	5	0.2438118811881188	197	34
37	chr2:29209760-29209839	ALK7_v2	7	0.04207920792079208	34	4
37	chr2:29209760-29209839	ALK7_v2	10	0.013613861386138614	11	1
37	chr2:29209760-29209839	ALK7_v2	20	0.0	0	0
37	chr2:29209760-29209839	ALK7_v2	30	0.0	0	0
38	chr2:29213938-29214044	ALK6_v2	0	1.0	10480	10480
38	chr2:29213938-29214044	ALK6_v2	1	1.0	10480	3787
38	chr2:29213938-29214044	ALK6_v2	2	0.8638358778625954	9053	2360
38	chr2:29213938-29214044	ALK6_v2	3	0.7243320610687023	7591	1629
38	chr2:29213938-29214044	ALK6_v2	4	0.5657442748091603	5929	1075
38	chr2:29213938-29214044	ALK6_v2	5	0.43444656488549616	4553	731
38	chr2:29213938-29214044	ALK6_v2	7	0.17690839694656488	1854	233
38	chr2:29213938-29214044	ALK6_v2	10	0.02967557251908397	311	28
38	chr2:29213938-29214044	ALK6_v2	20	0.0	0	0
38	chr2:29213938-29214044	ALK6_v2	30	0.0	0	0
39	chr2:29220708-29220812	ALK5	0	1.0	9223	9223
39	chr2:29220708-29220812	ALK5	1	1.0	9223	4155
39	chr2:29220708-29220812	ALK5	2	0.7779464382521956	7175	2107
39	chr2:29220708-29220812	ALK5	3	0.6107557193971592	5633	1336
39	chr2:29220708-29220812	ALK5	4	0.43445733492356065	4007	794
39	chr2:29220708-29220812	ALK5	5	0.2692182587010734	2483	413
39	chr2:29220708-29220812	ALK5	7	0.08717337092052478	804	101
39	chr2:29220708-29220812	ALK5	10	0.012577252520871733	116	11
39	chr2:29220708-29220812	ALK5	20	0.0	0	0
39	chr2:29220708-29220812	ALK5	30	0.0	0	0
40	chr2:29220774-29220863	ALK5	0	1.0	16812	16812
40	chr2:29220774-29220863	ALK5	1	1.0	16812	5987
40	chr2:29220774-29220863	ALK5	2	0.8690816083749703	14611	3786
40	chr2:29220774-29220863	ALK5	3	0.7312039019747799	12293	2627
40	chr2:29220774-29220863	ALK5	4	0.5814894123245301	9776	1788
40	chr2:29220774-29220863	ALK5	5	0.41684511063526053	7008	1096
40	chr2:29220774-29220863	ALK5	7	0.19283844872709968	3242	393
40	chr2:29220774-29220863	ALK5	10	0.04574113728289317	769	70
40	chr2:29220774-29220863	ALK5	20	0.0	0	0
40	chr2:29220774-29220863	ALK5	30	0.0	0	0
41	chr2:29222321-29222476	ALK3	0	1.0	24087	24087
41	chr2:29222321-29222476	ALK3	1	1.0	24087	9377
41	chr2:29222321-29222476	ALK3	2	0.8343504795117699	20097	5387
41	chr2:29222321-29222476	ALK3	3	0.6922821438950472	16675	3676
41	chr2:29222321-29222476	ALK3	4	0.5243907501972018	12631	2328
41	chr2:29222321-29222476	ALK3	5	0.36995059575704736	8911	1398
41	chr2:29222321-29222476	ALK3	7	0.1661477145348113	4002	488
41	chr2:29222321-29222476	ALK3	10	0.040063104579233615	965	88
41	chr2:29222321-29222476	ALK3	20	0.0	0	0
41	chr2:29222321-29222476	ALK3	30	0.0	0	0
42	chr2:29222534-29222621	ALK1_v2	0	1.0	10978	10978
42	chr2:29222534-29222621	ALK1_v2	1	1.0	10978	4689
42	chr2:29222534-29222621	ALK1_v2	2	0.8072508653670978	8862	2573
42	chr2:29222534-29222621	ALK1_v2	3	0.6463836764437967	7096	1690
42	chr2:29222534-29222621	ALK1_v2	4	0.4468937875751503	4906	960
42	chr2:29222534-29222621	ALK1_v2	5	0.28839497176170525	3166	525
42	chr2:29222534-29222621	ALK1_v2	7	0.09828748405902714	1079	136
42	chr2:29222534-29222621	ALK1_v2	10	0.01503006012024048	165	16
42	chr2:29222534-29222621	ALK1_v2	20	0.0	0	0
42	chr2:29222534-29222621	ALK1_v2	30	0.0	0	0
43	chr2:32916226-32916400		0	1.0	8391	8391
43	chr2:32916226-32916400		1	1.0	8391	4218
43	chr2:32916226-32916400		2	0.5851507567631987	4910	737
43	chr2:32916226-32916400		3	0.5110237158860684	4288	426
43	chr2:32916226-32916400		4	0.4602550351567155	3862	284
43	chr2:32916226-32916400		5	0.43069955905136453	3614	222
43	chr2:32916226-32916400		7	0.3881539744964843	3257	156
43	chr2:32916226-32916400		10	0.34155642950780596	2866	107
43	chr2:32916226-32916400		20	0.2421642235728757	2032	45
43	chr2:32916226-32916400		30	0.18913121201287092	1587	27
44	chr2:32916338-32916627		0	1.0	146229	146229
44	chr2:32916338-32916627		1	1.0	146229	49352
44	chr2:32916338-32916627		2	0.761216995260858	111312	14435
44	chr2:32916338-32916627		3	0.6480930595162382	94770	6164
44	chr2:32916338-32916627		4	0.5937262786451388	86820	3514
44	chr2:32916338-32916627		5	0.5638279684604285	82448	2421
44	chr2:32916338-32916627		7	0.5361385224545063	78399	1662
44	chr2:32916338-32916627		10	0.5140567192554144	75170	1247
44	chr2:32916338-32916627		20	0.4669388425004616	68280	745
44	chr2:32916338-32916627		30	0.4390715931860301	64205	574
45	chr2:127653256-127653302		0	1.0	4	4
45	chr2:127653256-127653302		1	1.0	4	1
45	chr2:127653256-127653302		2	1.0	4	1
45	chr2:127653256-127653302		3	1.0	4	1
45	chr2:127653256-127653302		4	1.0	4	1
45	chr2:127653256-127653302		5	0.0	0	0
45	chr2:127653256-127653302		7	0.0	0	0
45	chr2:127653256-127653302		10	0.0	0	0
45	chr2:127653256-127653302		20	0.0	0	0
45	chr2:127653256-127653302		30	0.0	0	0
46	chr2:153222303-153222348		0	1.0	89	89
46	chr2:153222303-153222348		1	1.0	89	58
46	chr2:153222303-153222348		2	0.43820224719101125	39	8
46	chr2:153222303-153222348		3	0.39325842696629215	35	6
46	chr2:153222303-153222348		4	0.29213483146067415	26	3
46	chr2:153222303-153222348		5	0.24719101123595505	22	2
46	chr2:153222303-153222348		7	0.19101123595505617	17	1
46	chr2:153222303-153222348		10	0.19101123595505617	17	1
46	chr2:153222303-153222348		20	0.0	0	0
46	chr2:153222303-153222348		30	0.0	0	0
47	chr2:222866739-222866785		0	1.0	91	91
47	chr2:222866739-222866785		1	1.0	91	72
47	chr2:222866739-222866785		2	0.2857142857142857	26	7
47	chr2:222866739-222866785		3	0.17582417582417584	16	2
47	chr2:222866739-222866785		4	0.14285714285714285	13	1
47	chr2:222866739-222866785		5	0.14285714285714285	13	1
47	chr2:222866739-222866785		7	0.14285714285714285	13	1
47	chr2:222866739-222866785		10	0.14285714285714285	13	1
47	chr2:222866739-222866785		20	0.0	0	0
47	chr2:222866739-222866785		30	0.0	0	0
48	chr22:16572073-16572170		0	1.0	3101	3101
48	chr22:16572073-16572170		1	1.0	3101	2459
48	chr22:16572073-16572170		2	0.3527894227668494	1094	452
48	chr22:16572073-16572170		3	0.13737504030957756	426	118
48	chr22:16572073-16572170		4	0.061915511125443405	192	40
48	chr22:16572073-16572170		5	0.03353756852628184	104	18
48	chr22:16572073-16572170		7	0.008061915511125443	25	3
48	chr22:16572073-16572170		10	0.003547242824895195	11	1
48	chr22:16572073-16572170		20	0.0	0	0
48	chr22:16572073-16572170		30	0.0	0	0
49	chr3:41224578-41224676		0	1.0	17923	17923
49	chr3:41224578-41224676		1	1.0	17923	5025
49	chr3:41224578-41224676		2	0.9060425152039279	16239	3341
49	chr3:41224578-41224676		3	0.8231322881214083	14753	2598
49	chr3:41224578-41224676		4	0.7263850917815098	13019	2020
49	chr3:41224578-41224676		5	0.6156893377224795	11035	1524
49	chr3:41224578-41224676		7	0.3988729565362941	7149	812
49	chr3:41224578-41224676		10	0.13429671371980137	2407	209
49	chr3:41224578-41224676		20	0.0011158846175305472	20	1
49	chr3:41224578-41224676		30	0.0	0	0
50	chr3:179199120-179199194	PIK3CA_123	0	1.0	35568	35568
50	chr3:179199120-179199194	PIK3CA_123	1	1.0	35568	10790
50	chr3:179199120-179199194	PIK3CA_123	2	0.9098627980206928	32362	7584
50	chr3:179199120-179199194	PIK3CA_123	3	0.8016194331983806	28512	5659
50	chr3:179199120-179199194	PIK3CA_123	4	0.657051282051282	23370	3945
50	chr3:179199120-179199194	PIK3CA_123	5	0.5210863697705803	18534	2736
50	chr3:179199120-179199194	PIK3CA_123	7	0.28413180386864595	10106	1179
50	chr3:179199120-179199194	PIK3CA_123	10	0.08538573999100314	3037	265
50	chr3:179199120-179199194	PIK3CA_123	20	0.001827485380116959	65	3
50	chr3:179199120-179199194	PIK3CA_123	30	0.0	0	0
51	chr3:179218255-179218353	PIK3CA_258	0	1.0	23013	23013
51	chr3:179218255-179218353	PIK3CA_258	1	1.0	23013	7727
51	chr3:179218255-179218353	PIK3CA_258	2	0.8458697258071525	19466	4180
51	chr3:179218255-179218353	PIK3CA_258	3	0.7467083822187459	17184	3039
51	chr3:179218255-179218353	PIK3CA_258	4	0.6489375570329814	14934	2289
51	chr3:179218255-179218353	PIK3CA_258	5	0.5536870464520054	12742	1741
51	chr3:179218255-179218353	PIK3CA_258	7	0.36105679398600793	8309	931
51	chr3:179218255-179218353	PIK3CA_258	10	0.13796549776213446	3175	273
51	chr3:179218255-179218353	PIK3CA_258	20	0.0008690740016512406	20	1
51	chr3:179218255-179218353	PIK3CA_258	30	0.0	0	0
52	chr3:179234247-179234330	PIK3CA_234	0	1.0	41567	41567
52	chr3:179234247-179234330	PIK3CA_234	1	1.0	41567	11074
52	chr3:179234247-179234330	PIK3CA_234	2	0.9276589602328771	38560	8067
52	chr3:179234247-179234330	PIK3CA_234	3	0.8440349315562826	35084	6329
52	chr3:179234247-179234330	PIK3CA_234	4	0.7323838621983785	30443	4782
52	chr3:179234247-179234330	PIK3CA_234	5	0.6145018885173334	25543	3557
52	chr3:179234247-179234330	PIK3CA_234	7	0.38205788245483197	15881	1771
52	chr3:179234247-179234330	PIK3CA_234	10	0.1474727548295523	6130	519
52	chr3:179234247-179234330	PIK3CA_234	20	0.0030793658430966872	128	6
52	chr3:179234247-179234330	PIK3CA_234	30	0.0	0	0
53	chr4:54274822-54274896	PDGFRA_1_v4	0	1.0	403	403
53	chr4:54274822-54274896	PDGFRA_1_v4	1	1.0	403	185
53	chr4:54274822-54274896	PDGFRA_1_v4	2	0.7990074441687345	322	104
53	chr4:54274822-54274896	PDGFRA_1_v4	3	0.5856079404466501	236	61
53	chr4:54274822-54274896	PDGFRA_1_v4	4	0.3325062034739454	134	27
53	chr4:54274822-54274896	PDGFRA_1_v4	5	0.23325062034739455	94	17
53	chr4:54274822-54274896	PDGFRA_1_v4	7	0.022332506203473945	9	1
53	chr4:54274822-54274896	PDGFRA_1_v4	10	0.0	0	0
53	chr4:54274822-54274896	PDGFRA_1_v4	20	0.0	0	0
53	chr4:54274822-54274896	PDGFRA_1_v4	30	0.0	0	0
54	chr4:54285826-54285950	PDGFRA_3_v1	0	1.0	4446	4446
54	chr4:54285826-54285950	PDGFRA_3_v1	1	1.0	4446	1870
54	chr4:54285826-54285950	PDGFRA_3_v1	2	0.8232118758434548	3660	1084
54	chr4:54285826-54285950	PDGFRA_3_v1	3	0.6450742240215924	2868	688
54	chr4:54285826-54285950	PDGFRA_3_v1	4	0.4318488529014845	1920	372
54	chr4:54285826-54285950	PDGFRA_3_v1	5	0.29329734592892487	1304	218
54	chr4:54285826-54285950	PDGFRA_3_v1	7	0.10278902384165542	457	59
54	chr4:54285826-54285950	PDGFRA_3_v1	10	0.016644174538911382	74	7
54	chr4:54285826-54285950	PDGFRA_3_v1	20	0.0	0	0
54	chr4:54285826-54285950	PDGFRA_3_v1	30	0.0	0	0
55	chr4:54725985-54726056	KIT_1_v1	0	1.0	362	362
55	chr4:54725985-54726056	KIT_1_v1	1	1.0	362	186
55	chr4:54725985-54726056	KIT_1_v1	2	0.7734806629834254	280	104
55	chr4:54725985-54726056	KIT_1_v1	3	0.43646408839779005	158	43
55	chr4:54725985-54726056	KIT_1_v1	4	0.2541436464088398	92	21
55	chr4:54725985-54726056	KIT_1_v1	5	0.08839779005524862	32	6
55	chr4:54725985-54726056	KIT_1_v1	7	0.0	0	0
55	chr4:54725985-54726056	KIT_1_v1	10	0.0	0	0
55	chr4:54725985-54726056	KIT_1_v1	20	0.0	0	0
55	chr4:54725985-54726056	KIT_1_v1	30	0.0	0	0
56	chr4:54727405-54727490	KIT_2_v4	0	1.0	147	147
56	chr4:54727405-54727490	KIT_2_v4	1	1.0	147	74
56	chr4:54727405-54727490	KIT_2_v4	2	0.7278911564625851	107	34
56	chr4:54727405-54727490	KIT_2_v4	3	0.5918367346938775	87	24
56	chr4:54727405-54727490	KIT_2_v4	4	0.30612244897959184	45	10
56	chr4:54727405-54727490	KIT_2_v4	5	0.08843537414965986	13	2
56	chr4:54727405-54727490	KIT_2_v4	7	0.047619047619047616	7	1
56	chr4:54727405-54727490	KIT_2_v4	10	0.0	0	0
56	chr4:54727405-54727490	KIT_2_v4	20	0.0	0	0
56	chr4:54727405-54727490	KIT_2_v4	30	0.0	0	0
57	chr4:54727460-54727493	KIT_2_v4	0	1.0	63	63
57	chr4:54727460-54727493	KIT_2_v4	1	1.0	63	44
57	chr4:54727460-54727493	KIT_2_v4	2	0.5079365079365079	32	13
57	chr4:54727460-54727493	KIT_2_v4	3	0.25396825396825395	16	5
57	chr4:54727460-54727493	KIT_2_v4	4	0.06349206349206349	4	1
57	chr4:54727460-54727493	KIT_2_v4	5	0.0	0	0
57	chr4:54727460-54727493	KIT_2_v4	7	0.0	0	0
57	chr4:54727460-54727493	KIT_2_v4	10	0.0	0	0
57	chr4:54727460-54727493	KIT_2_v4	20	0.0	0	0
57	chr4:54727460-54727493	KIT_2_v4	30	0.0	0	0
58	chr4:54728019-54728097	KIT_4_v1	0	1.0	4818	4818
58	chr4:54728019-54728097	KIT_4_v1	1	1.0	4818	2162
58	chr4:54728019-54728097	KIT_4_v1	2	0.794728102947281	3829	1173
58	chr4:54728019-54728097	KIT_4_v1	3	0.6017019510170195	2899	708
58	chr4:54728019-54728097	KIT_4_v1	4	0.39559983395599835	1906	377
58	chr4:54728019-54728097	KIT_4_v1	5	0.24283935242839352	1170	193
58	chr4:54728019-54728097	KIT_4_v1	7	0.07700290577002905	371	45
58	chr4:54728019-54728097	KIT_4_v1	10	0.01805728518057285	87	8
58	chr4:54728019-54728097	KIT_4_v1	20	0.0	0	0
58	chr4:54728019-54728097	KIT_4_v1	30	0.0	0	0
59	chr4:54729317-54729384	KIT_6_v1	0	1.0	1052	1052
59	chr4:54729317-54729384	KIT_6_v1	1	1.0	1052	483
59	chr4:54729317-54729384	KIT_6_v1	2	0.785171102661597	826	257
59	chr4:54729317-54729384	KIT_6_v1	3	0.5703422053231939	600	144
59	chr4:54729317-54729384	KIT_6_v1	4	0.39923954372623577	420	84
59	chr4:54729317-54729384	KIT_6_v1	5	0.2509505703422053	264	45
59	chr4:54729317-54729384	KIT_6_v1	7	0.07604562737642585	80	10
59	chr4:54729317-54729384	KIT_6_v1	10	0.010456273764258554	11	1
59	chr4:54729317-54729384	KIT_6_v1	20	0.0	0	0
59	chr4:54729317-54729384	KIT_6_v1	30	0.0	0	0
60	chr4:152326107-152326181	FBXW7_505	0	1.0	629	629
60	chr4:152326107-152326181	FBXW7_505	1	1.0	629	251
60	chr4:152326107-152326181	FBXW7_505	2	0.8378378378378378	527	149
60	chr4:152326107-152326181	FBXW7_505	3	0.7138314785373608	449	110
60	chr4:152326107-152326181	FBXW7_505	4	0.49920508744038156	314	65
60	chr4:152326107-152326181	FBXW7_505	5	0.302066772655008	190	34
60	chr4:152326107-152326181	FBXW7_505	7	0.046104928457869634	29	4
60	chr4:152326107-152326181	FBXW7_505	10	0.0	0	0
60	chr4:152326107-152326181	FBXW7_505	20	0.0	0	0
60	chr4:152326107-152326181	FBXW7_505	30	0.0	0	0
61	chr5:14403311-14403342		0	1.0	3	3
61	chr5:14403311-14403342		1	1.0	3	1
61	chr5:14403311-14403342		2	1.0	3	1
61	chr5:14403311-14403342		3	1.0	3	1
61	chr5:14403311-14403342		4	0.0	0	0
61	chr5:14403311-14403342		5	0.0	0	0
61	chr5:14403311-14403342		7	0.0	0	0
61	chr5:14403311-14403342		10	0.0	0	0
61	chr5:14403311-14403342		20	0.0	0	0
61	chr5:14403311-14403342		30	0.0	0	0
62	chr5:112839479-112839550	APC_1304_1310	0	1.0	12667	12667
62	chr5:112839479-112839550	APC_1304_1310	1	1.0	12667	4819
62	chr5:112839479-112839550	APC_1304_1310	2	0.8534775400647351	10811	2963
62	chr5:112839479-112839550	APC_1304_1310	3	0.6984289887108234	8847	1981
62	chr5:112839479-112839550	APC_1304_1310	4	0.5203284124101998	6591	1229
62	chr5:112839479-112839550	APC_1304_1310	5	0.36559564221994156	4631	739
62	chr5:112839479-112839550	APC_1304_1310	7	0.14881187337175336	1885	232
62	chr5:112839479-112839550	APC_1304_1310	10	0.02699928949238178	342	32
62	chr5:112839479-112839550	APC_1304_1310	20	0.0	0	0
62	chr5:112839479-112839550	APC_1304_1310	30	0.0	0	0
63	chr5:112839856-112839986	APC_2	0	1.0	1894	1894
63	chr5:112839856-112839986	APC_2	1	1.0	1894	538
63	chr5:112839856-112839986	APC_2	2	0.883843717001056	1674	318
63	chr5:112839856-112839986	APC_2	3	0.8321013727560718	1576	269
63	chr5:112839856-112839986	APC_2	4	0.7259767687434002	1375	202
63	chr5:112839856-112839986	APC_2	5	0.6478352692713834	1227	165
63	chr5:112839856-112839986	APC_2	7	0.4355860612460401	825	91
63	chr5:112839856-112839986	APC_2	10	0.1747624076029567	331	28
63	chr5:112839856-112839986	APC_2	20	0.0	0	0
63	chr5:112839856-112839986	APC_2	30	0.0	0	0
64	chr6:54770576-54770693		0	1.0	7	7
64	chr6:54770576-54770693		1	1.0	7	3
64	chr6:54770576-54770693		2	0.8571428571428571	6	2
64	chr6:54770576-54770693		3	0.8571428571428571	6	2
64	chr6:54770576-54770693		4	0.0	0	0
64	chr6:54770576-54770693		5	0.0	0	0
64	chr6:54770576-54770693		7	0.0	0	0
64	chr6:54770576-54770693		10	0.0	0	0
64	chr6:54770576-54770693		20	0.0	0	0
64	chr6:54770576-54770693		30	0.0	0	0
65	chr6:152098733-152098831	ESR_735	0	1.0	5015	5015
65	chr6:152098733-152098831	ESR_735	1	1.0	5015	1441
65	chr6:152098733-152098831	ESR_735	2	0.9080757726819542	4554	980
65	chr6:152098733-152098831	ESR_735	3	0.827517447657029	4150	778
65	chr6:152098733-152098831	ESR_735	4	0.7024925224327019	3523	569
65	chr6:152098733-152098831	ESR_735	5	0.574875373878365	2883	409
65	chr6:152098733-152098831	ESR_735	7	0.3467597208374875	1739	197
65	chr6:152098733-152098831	ESR_735	10	0.12582253240279162	631	54
65	chr6:152098733-152098831	ESR_735	20	0.0	0	0
65	chr6:152098733-152098831	ESR_735	30	0.0	0	0
66	chr7:55174728-55174815	EGFR_6223_v4	0	1.0	751	751
66	chr7:55174728-55174815	EGFR_6223_v4	1	1.0	751	310
66	chr7:55174728-55174815	EGFR_6223_v4	2	0.8375499334221038	629	188
66	chr7:55174728-55174815	EGFR_6223_v4	3	0.6271637816245007	471	109
66	chr7:55174728-55174815	EGFR_6223_v4	4	0.459387483355526	345	67
66	chr7:55174728-55174815	EGFR_6223_v4	5	0.2996005326231691	225	37
66	chr7:55174728-55174815	EGFR_6223_v4	7	0.09587217043941411	72	9
66	chr7:55174728-55174815	EGFR_6223_v4	10	0.02663115845539281	20	2
66	chr7:55174728-55174815	EGFR_6223_v4	20	0.0	0	0
66	chr7:55174728-55174815	EGFR_6223_v4	30	0.0	0	0
67	chr7:55181356-55181435	EGFR_6240_v4	0	1.0	1371	1371
67	chr7:55181356-55181435	EGFR_6240_v4	1	1.0	1371	631
67	chr7:55181356-55181435	EGFR_6240_v4	2	0.7768052516411379	1065	325
67	chr7:55181356-55181435	EGFR_6240_v4	3	0.5827862873814734	799	192
67	chr7:55181356-55181435	EGFR_6240_v4	4	0.39897884755652807	547	108
67	chr7:55181356-55181435	EGFR_6240_v4	5	0.2589350838803793	355	60
67	chr7:55181356-55181435	EGFR_6240_v4	7	0.08315098468271334	114	15
67	chr7:55181356-55181435	EGFR_6240_v4	10	0.008023340627279359	11	1
67	chr7:55181356-55181435	EGFR_6240_v4	20	0.0	0	0
67	chr7:55181356-55181435	EGFR_6240_v4	30	0.0	0	0
68	chr7:55191774-55191873	EGFR_6224_v1	0	1.0	9828	9828
68	chr7:55191774-55191873	EGFR_6224_v1	1	1.0	9828	4076
68	chr7:55191774-55191873	EGFR_6224_v1	2	0.8193935693935694	8053	2301
68	chr7:55191774-55191873	EGFR_6224_v1	3	0.6539479039479039	6427	1488
68	chr7:55191774-55191873	EGFR_6224_v1	4	0.47385022385022385	4657	898
68	chr7:55191774-55191873	EGFR_6224_v1	5	0.31674806674806677	3113	512
68	chr7:55191774-55191873	EGFR_6224_v1	7	0.11355311355311355	1116	139
68	chr7:55191774-55191873	EGFR_6224_v1	10	0.026353276353276354	259	23
68	chr7:55191774-55191873	EGFR_6224_v1	20	0.0	0	0
68	chr7:55191774-55191873	EGFR_6224_v1	30	0.0	0	0
69	chr7:106101434-106101475		0	1.0	141	141
69	chr7:106101434-106101475		1	1.0	141	136
69	chr7:106101434-106101475		2	0.06382978723404255	9	4
69	chr7:106101434-106101475		3	0.02127659574468085	3	1
69	chr7:106101434-106101475		4	0.0	0	0
69	chr7:106101434-106101475		5	0.0	0	0
69	chr7:106101434-106101475		7	0.0	0	0
69	chr7:106101434-106101475		10	0.0	0	0
69	chr7:106101434-106101475		20	0.0	0	0
69	chr7:106101434-106101475		30	0.0	0	0
70	chr7:140753302-140753377	BRAF_305	0	1.0	33268	33268
70	chr7:140753302-140753377	BRAF_305	1	1.0	33268	10010
70	chr7:140753302-140753377	BRAF_305	2	0.9013165804977756	29985	6727
70	chr7:140753302-140753377	BRAF_305	3	0.799597210532644	26601	5035
70	chr7:140753302-140753377	BRAF_305	4	0.6780389563544548	22557	3687
70	chr7:140753302-140753377	BRAF_305	5	0.5509498617289889	18329	2630
70	chr7:140753302-140753377	BRAF_305	7	0.3235541661656847	10764	1243
70	chr7:140753302-140753377	BRAF_305	10	0.10565708789226885	3515	308
70	chr7:140753302-140753377	BRAF_305	20	0.0013225922808705061	44	2
70	chr7:140753302-140753377	BRAF_305	30	0.0	0	0
71	chr8:124172000-124172037		0	1.0	56	56
71	chr8:124172000-124172037		1	1.0	56	42
71	chr8:124172000-124172037		2	0.3392857142857143	19	5
71	chr8:124172000-124172037		3	0.26785714285714285	15	3
71	chr8:124172000-124172037		4	0.16071428571428573	9	1
71	chr8:124172000-124172037		5	0.16071428571428573	9	1
71	chr8:124172000-124172037		7	0.16071428571428573	9	1
71	chr8:124172000-124172037		10	0.0	0	0
71	chr8:124172000-124172037		20	0.0	0	0
71	chr8:124172000-124172037		30	0.0	0	0
72	chr9:21971075-21971242	CDKN2A_7_88	0	1.0	6865	6865
72	chr9:21971075-21971242	CDKN2A_7_88	1	1.0	6865	2664
72	chr9:21971075-21971242	CDKN2A_7_88	2	0.8372906045156592	5748	1547
72	chr9:21971075-21971242	CDKN2A_7_88	3	0.7003641660597232	4808	1077
72	chr9:21971075-21971242	CDKN2A_7_88	4	0.5273124544792426	3620	681
72	chr9:21971075-21971242	CDKN2A_7_88	5	0.38106336489439185	2616	430
72	chr9:21971075-21971242	CDKN2A_7_88	7	0.13605243991260016	934	117
72	chr9:21971075-21971242	CDKN2A_7_88	10	0.018353969410050984	126	12
72	chr9:21971075-21971242	CDKN2A_7_88	20	0.0	0	0
72	chr9:21971075-21971242	CDKN2A_7_88	30	0.0	0	0
73	chr9:21971169-21971243	CDKN2A_051_057	0	1.0	9906	9906
73	chr9:21971169-21971243	CDKN2A_051_057	1	1.0	9906	3700
73	chr9:21971169-21971243	CDKN2A_051_057	2	0.8606904906117504	8526	2320
73	chr9:21971169-21971243	CDKN2A_051_057	3	0.714516454673935	7078	1596
73	chr9:21971169-21971243	CDKN2A_051_057	4	0.5364425600646073	5314	1008
73	chr9:21971169-21971243	CDKN2A_051_057	5	0.36805976176054916	3646	591
73	chr9:21971169-21971243	CDKN2A_051_057	7	0.14193418130426005	1406	176
73	chr9:21971169-21971243	CDKN2A_051_057	10	0.022107813446396122	219	20
73	chr9:21971169-21971243	CDKN2A_051_057	20	0.0	0	0
73	chr9:21971169-21971243	CDKN2A_051_057	30	0.0	0	0
74	chr9:22006115-22006188		0	1.0	4	4
74	chr9:22006115-22006188		1	1.0	4	1
74	chr9:22006115-22006188		2	1.0	4	1
74	chr9:22006115-22006188		3	1.0	4	1
74	chr9:22006115-22006188		4	1.0	4	1
74	chr9:22006115-22006188		5	0.0	0	0
74	chr9:22006115-22006188		7	0.0	0	0
74	chr9:22006115-22006188		10	0.0	0	0
74	chr9:22006115-22006188		20	0.0	0	0
74	chr9:22006115-22006188		30	0.0	0	0
75	chr9:22006152-22006281		0	1.0	154	154
75	chr9:22006152-22006281		1	1.0	154	55
75	chr9:22006152-22006281		2	0.8506493506493507	131	32
75	chr9:22006152-22006281		3	0.7597402597402597	117	25
75	chr9:22006152-22006281		4	0.6038961038961039	93	17
75	chr9:22006152-22006281		5	0.44805194805194803	69	11
75	chr9:22006152-22006281		7	0.16883116883116883	26	3
75	chr9:22006152-22006281		10	0.06493506493506493	10	1
75	chr9:22006152-22006281		20	0.0	0	0
75	chr9:22006152-22006281		30	0.0	0	0
76	chr9:22006208-22006281		0	1.0	8	8
76	chr9:22006208-22006281		1	1.0	8	5
76	chr9:22006208-22006281		2	0.5	4	1
76	chr9:22006208-22006281		3	0.5	4	1
76	chr9:22006208-22006281		4	0.5	4	1
76	chr9:22006208-22006281		5	0.0	0	0
76	chr9:22006208-22006281		7	0.0	0	0
76	chr9:22006208-22006281		10	0.0	0	0
76	chr9:22006208-22006281		20	0.0	0	0
76	chr9:22006208-22006281		30	0.0	0	0
77	chr9:33675649-33675734		0	1.0	188	188
77	chr9:33675649-33675734		1	1.0	188	89
77	chr9:33675649-33675734		2	0.7553191489361702	142	43
77	chr9:33675649-33675734		3	0.6170212765957447	116	30
77	chr9:33675649-33675734		4	0.3776595744680851	71	15
77	chr9:33675649-33675734		5	0.2074468085106383	39	7
77	chr9:33675649-33675734		7	0.0425531914893617	8	1
77	chr9:33675649-33675734		10	0.0	0	0
77	chr9:33675649-33675734		20	0.0	0	0
77	chr9:33675649-33675734		30	0.0	0	0
78	chr9:33676081-33676164		0	1.0	176	176
78	chr9:33676081-33676164		1	1.0	176	95
78	chr9:33676081-33676164		2	0.6931818181818182	122	41
78	chr9:33676081-33676164		3	0.4431818181818182	78	19
78	chr9:33676081-33676164		4	0.3409090909090909	60	13
78	chr9:33676081-33676164		5	0.18181818181818182	32	6
78	chr9:33676081-33676164		7	0.0	0	0
78	chr9:33676081-33676164		10	0.0	0	0
78	chr9:33676081-33676164		20	0.0	0	0
78	chr9:33676081-33676164		30	0.0	0	0
79	chr9:132996258-132996337		0	1.0	10	10
79	chr9:132996258-132996337		1	1.0	10	3
79	chr9:132996258-132996337		2	1.0	10	3
79	chr9:132996258-132996337		3	0.8	8	2
79	chr9:132996258-132996337		4	0.5	5	1
79	chr9:132996258-132996337		5	0.5	5	1
79	chr9:132996258-132996337		7	0.0	0	0
79	chr9:132996258-132996337		10	0.0	0	0
79	chr9:132996258-132996337		20	0.0	0	0
79	chr9:132996258-132996337		30	0.0	0	0
80	chrX:75584550-75584624		0	1.0	2160	2160
80	chrX:75584550-75584624		1	1.0	2160	1001
80	chrX:75584550-75584624		2	0.7851851851851852	1696	537
80	chrX:75584550-75584624		3	0.5657407407407408	1222	300
80	chrX:75584550-75584624		4	0.37546296296296294	811	163
80	chrX:75584550-75584624		5	0.23287037037037037	503	86
80	chrX:75584550-75584624		7	0.06620370370370371	143	18
80	chrX:75584550-75584624		10	0.01898148148148148	41	4
80	chrX:75584550-75584624		20	0.0	0	0
80	chrX:75584550-75584624		30	0.0	0	0
