All	all_regions		0	1.0	408917	408917
All	all_regions		1	1.0	408917	38780
All	all_regions		2	0.9717546592584804	397367	27230
All	all_regions		3	0.9556976110066346	390801	23947
All	all_regions		4	0.9376646116449059	383427	21489
All	all_regions		5	0.9209668465727764	376599	19782
All	all_regions		7	0.8858912688883074	362256	17160
All	all_regions		10	0.830909451062196	339773	14330
All	all_regions		20	0.6004103522230673	245518	7690
All	all_regions		30	0.36771765419388286	150366	3753
0	chr10:71634826-71634890		0	1.0	18	18
0	chr10:71634826-71634890		1	1.0	18	1
0	chr10:71634826-71634890		2	1.0	18	1
0	chr10:71634826-71634890		3	1.0	18	1
0	chr10:71634826-71634890		4	1.0	18	1
0	chr10:71634826-71634890		5	1.0	18	1
0	chr10:71634826-71634890		7	1.0	18	1
0	chr10:71634826-71634890		10	1.0	18	1
0	chr10:71634826-71634890		20	0.0	0	0
0	chr10:71634826-71634890		30	0.0	0	0
1	chr10:87957882-87957914		0	1.0	14	14
1	chr10:87957882-87957914		1	1.0	14	1
1	chr10:87957882-87957914		2	1.0	14	1
1	chr10:87957882-87957914		3	1.0	14	1
1	chr10:87957882-87957914		4	1.0	14	1
1	chr10:87957882-87957914		5	1.0	14	1
1	chr10:87957882-87957914		7	1.0	14	1
1	chr10:87957882-87957914		10	1.0	14	1
1	chr10:87957882-87957914		20	0.0	0	0
1	chr10:87957882-87957914		30	0.0	0	0
2	chr14:77269794-77269826		0	1.0	6	6
2	chr14:77269794-77269826		1	1.0	6	4
2	chr14:77269794-77269826		2	0.5	3	1
2	chr14:77269794-77269826		3	0.5	3	1
2	chr14:77269794-77269826		4	0.0	0	0
2	chr14:77269794-77269826		5	0.0	0	0
2	chr14:77269794-77269826		7	0.0	0	0
2	chr14:77269794-77269826		10	0.0	0	0
2	chr14:77269794-77269826		20	0.0	0	0
2	chr14:77269794-77269826		30	0.0	0	0
3	chr17:7673726-7673833	TP53_7	0	1.0	47834	47834
3	chr17:7673726-7673833	TP53_7	1	1.0	47834	6006
3	chr17:7673726-7673833	TP53_7	2	0.9427603796462767	45096	3268
3	chr17:7673726-7673833	TP53_7	3	0.919638750679433	43990	2715
3	chr17:7673726-7673833	TP53_7	4	0.8966843667684075	42892	2349
3	chr17:7673726-7673833	TP53_7	5	0.8797926161307856	42084	2147
3	chr17:7673726-7673833	TP53_7	7	0.8427687418990676	40313	1821
3	chr17:7673726-7673833	TP53_7	10	0.7962955220136305	38090	1539
3	chr17:7673726-7673833	TP53_7	20	0.5959568507755989	28507	868
3	chr17:7673726-7673833	TP53_7	30	0.40055190868419954	19160	480
4	chr17:7674178-7674286	TP53_1	0	1.0	52657	52657
4	chr17:7674178-7674286	TP53_1	1	1.0	52657	4307
4	chr17:7674178-7674286	TP53_1	2	0.975387887650265	51361	3011
4	chr17:7674178-7674286	TP53_1	3	0.9625500883073476	50685	2673
4	chr17:7674178-7674286	TP53_1	4	0.9477942153939647	49908	2414
4	chr17:7674178-7674286	TP53_1	5	0.9341208196441119	49188	2234
4	chr17:7674178-7674286	TP53_1	7	0.9095276981218071	47893	1996
4	chr17:7674178-7674286	TP53_1	10	0.8696659513455002	45794	1731
4	chr17:7674178-7674286	TP53_1	20	0.6921207056991473	36445	1072
4	chr17:7674178-7674286	TP53_1	30	0.5019845414664716	26433	656
5	chr2:32916228-32916337		0	1.0	938	938
5	chr2:32916228-32916337		1	1.0	938	427
5	chr2:32916228-32916337		2	0.6748400852878464	633	122
5	chr2:32916228-32916337		3	0.5405117270788913	507	59
5	chr2:32916228-32916337		4	0.4989339019189765	468	46
5	chr2:32916228-32916337		5	0.43923240938166314	412	32
5	chr2:32916228-32916337		7	0.3763326226012793	353	21
5	chr2:32916228-32916337		10	0.28038379530916846	263	10
5	chr2:32916228-32916337		20	0.17803837953091683	167	4
5	chr2:32916228-32916337		30	0.1300639658848614	122	2
6	chr2:32916343-32916489		0	1.0	7682	7682
6	chr2:32916343-32916489		1	1.0	7682	1760
6	chr2:32916343-32916489		2	0.9091382452486332	6984	1062
6	chr2:32916343-32916489		3	0.8245248633168446	6334	737
6	chr2:32916343-32916489		4	0.7300182244207237	5608	495
6	chr2:32916343-32916489		5	0.6508721687060661	5000	343
6	chr2:32916343-32916489		7	0.5380109346524342	4133	182
6	chr2:32916343-32916489		10	0.4446758656599844	3416	90
6	chr2:32916343-32916489		20	0.3571986461858891	2744	39
6	chr2:32916343-32916489		30	0.3129393387138766	2404	24
7	chr2:32916464-32916619		0	1.0	12911	12911
7	chr2:32916464-32916619		1	1.0	12911	1962
7	chr2:32916464-32916619		2	0.93734025249787	12102	1153
7	chr2:32916464-32916619		3	0.8846719851289598	11422	813
7	chr2:32916464-32916619		4	0.8298350243978003	10714	577
7	chr2:32916464-32916619		5	0.7796452637286035	10066	415
7	chr2:32916464-32916619		7	0.7152040895360545	9234	262
7	chr2:32916464-32916619		10	0.6582758887770118	8499	168
7	chr2:32916464-32916619		20	0.5678103942374719	7331	81
7	chr2:32916464-32916619		30	0.5168461002246146	6673	54
8	chr3:179199120-179199194	PIK3CA_123	0	1.0	73230	73230
8	chr3:179199120-179199194	PIK3CA_123	1	1.0	73230	6853
8	chr3:179199120-179199194	PIK3CA_123	2	0.9784787655332514	71654	5277
8	chr3:179199120-179199194	PIK3CA_123	3	0.9659429195684829	70736	4818
8	chr3:179199120-179199194	PIK3CA_123	4	0.9508671309572579	69632	4450
8	chr3:179199120-179199194	PIK3CA_123	5	0.9334425781783422	68356	4131
8	chr3:179199120-179199194	PIK3CA_123	7	0.8921889935818653	65335	3581
8	chr3:179199120-179199194	PIK3CA_123	10	0.8171104738495152	59837	2889
8	chr3:179199120-179199194	PIK3CA_123	20	0.5120169329509764	37495	1303
8	chr3:179199120-179199194	PIK3CA_123	30	0.2397651235832309	17558	478
9	chr3:179234247-179234331	PIK3CA_234	0	1.0	101794	101794
9	chr3:179234247-179234331	PIK3CA_234	1	1.0	101794	8196
9	chr3:179234247-179234331	PIK3CA_234	2	0.9802837102383245	99787	6189
9	chr3:179234247-179234331	PIK3CA_234	3	0.9689274416959742	98631	5611
9	chr3:179234247-179234331	PIK3CA_234	4	0.9558421910918129	97299	5167
9	chr3:179234247-179234331	PIK3CA_234	5	0.9424818751596361	95939	4827
9	chr3:179234247-179234331	PIK3CA_234	7	0.914602039412932	93101	4308
9	chr3:179234247-179234331	PIK3CA_234	10	0.8684696544000629	88405	3717
9	chr3:179234247-179234331	PIK3CA_234	20	0.6422578933925379	65378	2112
9	chr3:179234247-179234331	PIK3CA_234	30	0.37940350118867516	38621	1013
10	chr4:54733121-54733204	KIT_125	0	1.0	111833	111833
10	chr4:54733121-54733204	KIT_125	1	1.0	111833	9263
10	chr4:54733121-54733204	KIT_125	2	0.9810610463816584	109715	7145
10	chr4:54733121-54733204	KIT_125	3	0.9698478982053598	108461	6518
10	chr4:54733121-54733204	KIT_125	4	0.9556570958482737	106874	5989
10	chr4:54733121-54733204	KIT_125	5	0.9435676410361878	105522	5651
10	chr4:54733121-54733204	KIT_125	7	0.9108402707608666	101862	4987
10	chr4:54733121-54733204	KIT_125	10	0.8533885346901183	95437	4184
10	chr4:54733121-54733204	KIT_125	20	0.6031403968417194	67451	2211
10	chr4:54733121-54733204	KIT_125	30	0.35226632568204375	39395	1046
