All	all_regions		0	1.0	887079	887079
All	all_regions		1	1.0	887079	52868
All	all_regions		2	0.9824807035224596	871538	37327
All	all_regions		3	0.9741725370570152	864168	33642
All	all_regions		4	0.96550476338635	856479	31079
All	all_regions		5	0.9559543174846885	848007	28961
All	all_regions		7	0.937428346291593	831573	25945
All	all_regions		10	0.9095266599705325	806822	22836
All	all_regions		20	0.8079393154386475	716706	16437
All	all_regions		30	0.6834892946400489	606309	11888
0	chr17:7673726-7673833	TP53_7	0	1.0	112215	112215
0	chr17:7673726-7673833	TP53_7	1	1.0	112215	10152
0	chr17:7673726-7673833	TP53_7	2	0.9597380029407833	107697	5634
0	chr17:7673726-7673833	TP53_7	3	0.9428240431314887	105799	4685
0	chr17:7673726-7673833	TP53_7	4	0.9277458450296306	104107	4121
0	chr17:7673726-7673833	TP53_7	5	0.9134875016708996	102507	3721
0	chr17:7673726-7673833	TP53_7	7	0.8873947333244219	99579	3180
0	chr17:7673726-7673833	TP53_7	10	0.8528717194670944	95705	2690
0	chr17:7673726-7673833	TP53_7	20	0.7596488882947913	85244	1924
0	chr17:7673726-7673833	TP53_7	30	0.6485496591364791	72777	1407
1	chr17:7674160-7674286	TP53_1	0	1.0	112812	112812
1	chr17:7674160-7674286	TP53_1	1	1.0	112812	6154
1	chr17:7674160-7674286	TP53_1	2	0.9841949438003049	111029	4371
1	chr17:7674160-7674286	TP53_1	3	0.976270254937418	110135	3924
1	chr17:7674160-7674286	TP53_1	4	0.968345566074531	109241	3626
1	chr17:7674160-7674286	TP53_1	5	0.9589139453249654	108177	3360
1	chr17:7674160-7674286	TP53_1	7	0.9412207921143141	106181	2995
1	chr17:7674160-7674286	TP53_1	10	0.9189093358862532	103664	2680
1	chr17:7674160-7674286	TP53_1	20	0.8356380526894303	94270	2006
1	chr17:7674160-7674286	TP53_1	30	0.7372265361840938	83168	1546
2	chr2:32916228-32916367		0	1.0	694	694
2	chr2:32916228-32916367		1	1.0	694	281
2	chr2:32916228-32916367		2	0.7348703170028819	510	97
2	chr2:32916228-32916367		3	0.5994236311239193	416	50
2	chr2:32916228-32916367		4	0.521613832853026	362	32
2	chr2:32916228-32916367		5	0.48703170028818443	338	26
2	chr2:32916228-32916367		7	0.4164265129682997	289	17
2	chr2:32916228-32916367		10	0.35014409221902015	243	11
2	chr2:32916228-32916367		20	0.2680115273775216	186	6
2	chr2:32916228-32916367		30	0.207492795389049	144	4
3	chr2:32916348-32916560		0	1.0	3358	3358
3	chr2:32916348-32916560		1	1.0	3358	572
3	chr2:32916348-32916560		2	0.9553305539011316	3208	422
3	chr2:32916348-32916560		3	0.9088743299583085	3052	344
3	chr2:32916348-32916560		4	0.8490172721858249	2851	277
3	chr2:32916348-32916560		5	0.7787373436569387	2615	218
3	chr2:32916348-32916560		7	0.6420488385944014	2156	133
3	chr2:32916348-32916560		10	0.5047647409172126	1695	73
3	chr2:32916348-32916560		20	0.32519356759976176	1092	26
3	chr2:32916348-32916560		30	0.23466349017272187	788	13
4	chr2:32916475-32916611		0	1.0	16755	16755
4	chr2:32916475-32916611		1	1.0	16755	1168
4	chr2:32916475-32916611		2	0.9838854073410922	16485	898
4	chr2:32916475-32916611		3	0.9681289167412712	16221	766
4	chr2:32916475-32916611		4	0.9448522829006267	15831	636
4	chr2:32916475-32916611		5	0.9185914652342584	15391	526
4	chr2:32916475-32916611		7	0.8565204416592062	14351	335
4	chr2:32916475-32916611		10	0.7871083258728737	13188	188
4	chr2:32916475-32916611		20	0.6988958519844822	11710	73
4	chr2:32916475-32916611		30	0.6690540137272456	11210	52
5	chr3:179199120-179199194	PIK3CA_123	0	1.0	179292	179292
5	chr3:179199120-179199194	PIK3CA_123	1	1.0	179292	10570
5	chr3:179199120-179199194	PIK3CA_123	2	0.98562122124802	176714	7992
5	chr3:179199120-179199194	PIK3CA_123	3	0.9786939740758093	175472	7371
5	chr3:179199120-179199194	PIK3CA_123	4	0.971281484951922	174143	6928
5	chr3:179199120-179199194	PIK3CA_123	5	0.9618443656158668	172451	6505
5	chr3:179199120-179199194	PIK3CA_123	7	0.9438123284920688	169218	5914
5	chr3:179199120-179199194	PIK3CA_123	10	0.9134986502465252	163783	5232
5	chr3:179199120-179199194	PIK3CA_123	20	0.7827008455480445	140332	3592
5	chr3:179199120-179199194	PIK3CA_123	30	0.6171887200767463	110657	2367
6	chr3:179234247-179234332	PIK3CA_234	0	1.0	213367	213367
6	chr3:179234247-179234332	PIK3CA_234	1	1.0	213367	11080
6	chr3:179234247-179234332	PIK3CA_234	2	0.9863709008422108	210459	8172
6	chr3:179234247-179234332	PIK3CA_234	3	0.980015653779638	209103	7494
6	chr3:179234247-179234332	PIK3CA_234	4	0.9730979954725895	207627	7002
6	chr3:179234247-179234332	PIK3CA_234	5	0.9651679969254852	205935	6579
6	chr3:179234247-179234332	PIK3CA_234	7	0.9497016877024095	202635	5972
6	chr3:179234247-179234332	PIK3CA_234	10	0.9248196768947401	197326	5302
6	chr3:179234247-179234332	PIK3CA_234	20	0.8375053311899215	178696	3973
6	chr3:179234247-179234332	PIK3CA_234	30	0.7282897542731538	155393	3019
7	chr4:54733122-54733204	KIT_125	0	1.0	248586	248586
7	chr4:54733122-54733204	KIT_125	1	1.0	248586	12891
7	chr4:54733122-54733204	KIT_125	2	0.9873283290289879	245436	9741
7	chr4:54733122-54733204	KIT_125	3	0.9814309735866058	243970	9008
7	chr4:54733122-54733204	KIT_125	4	0.9747813633913415	242317	8457
7	chr4:54733122-54733204	KIT_125	5	0.967846137755143	240593	8026
7	chr4:54733122-54733204	KIT_125	7	0.9540521187838414	237164	7399
7	chr4:54733122-54733204	KIT_125	10	0.9301328312937978	231218	6660
7	chr4:54733122-54733204	KIT_125	20	0.8253723057613864	205176	4837
7	chr4:54733122-54733204	KIT_125	30	0.6926053760066938	172172	3480
