All	all_regions		0	1.0	1069998	1069998
All	all_regions		1	1.0	1069998	53544
All	all_regions		2	0.9845943637277826	1053514	37060
All	all_regions		3	0.9774765934141934	1045898	33252
All	all_regions		4	0.9703074211353666	1038227	30695
All	all_regions		5	0.9629317064144045	1030335	28722
All	all_regions		7	0.9487027078555287	1015110	25929
All	all_regions		10	0.9270849104390849	991979	23017
All	all_regions		20	0.8502174770420131	909731	17141
All	all_regions		30	0.7620285271561256	815369	13272
0	chr14:77269794-77269828		0	1.0	14	14
0	chr14:77269794-77269828		1	1.0	14	6
0	chr14:77269794-77269828		2	0.7142857142857143	10	2
0	chr14:77269794-77269828		3	0.7142857142857143	10	2
0	chr14:77269794-77269828		4	0.7142857142857143	10	2
0	chr14:77269794-77269828		5	0.42857142857142855	6	1
0	chr14:77269794-77269828		7	0.0	0	0
0	chr14:77269794-77269828		10	0.0	0	0
0	chr14:77269794-77269828		20	0.0	0	0
0	chr14:77269794-77269828		30	0.0	0	0
1	chr17:7673726-7673833	TP53_7	0	1.0	118981	118981
1	chr17:7673726-7673833	TP53_7	1	1.0	118981	10282
1	chr17:7673726-7673833	TP53_7	2	0.9614224119817449	114391	5692
1	chr17:7673726-7673833	TP53_7	3	0.9444112925593162	112367	4680
1	chr17:7673726-7673833	TP53_7	4	0.9293080407796203	110570	4081
1	chr17:7673726-7673833	TP53_7	5	0.9144821442078988	108806	3640
1	chr17:7673726-7673833	TP53_7	7	0.888730133382641	105742	3076
1	chr17:7673726-7673833	TP53_7	10	0.8530857868062968	101501	2544
1	chr17:7673726-7673833	TP53_7	20	0.7567678873097385	90041	1705
1	chr17:7673726-7673833	TP53_7	30	0.67113236567183	79852	1286
2	chr17:7674177-7674286	TP53_1	0	1.0	115116	115116
2	chr17:7674177-7674286	TP53_1	1	1.0	115116	5724
2	chr17:7674177-7674286	TP53_1	2	0.9849369331804441	113382	3990
2	chr17:7674177-7674286	TP53_1	3	0.9769102470551444	112458	3528
2	chr17:7674177-7674286	TP53_1	4	0.9681799228604191	111453	3193
2	chr17:7674177-7674286	TP53_1	5	0.9600837416171514	110521	2960
2	chr17:7674177-7674286	TP53_1	7	0.9455245144028632	108845	2651
2	chr17:7674177-7674286	TP53_1	10	0.9246325445637444	106440	2345
2	chr17:7674177-7674286	TP53_1	20	0.8557802564369853	98514	1773
2	chr17:7674177-7674286	TP53_1	30	0.7782845130129609	89593	1407
3	chr2:32916228-32916340		0	1.0	2607	2607
3	chr2:32916228-32916340		1	1.0	2607	534
3	chr2:32916228-32916340		2	0.8925968546221711	2327	254
3	chr2:32916228-32916340		3	0.822017644802455	2143	162
3	chr2:32916228-32916340		4	0.7656309934790947	1996	113
3	chr2:32916228-32916340		5	0.7226697353279632	1884	85
3	chr2:32916228-32916340		7	0.6701189106252398	1747	59
3	chr2:32916228-32916340		10	0.6133486766398158	1599	40
3	chr2:32916228-32916340		20	0.5174530111238972	1349	21
3	chr2:32916228-32916340		30	0.44687380130418103	1165	13
4	chr2:32916348-32916625		0	1.0	28883	28883
4	chr2:32916348-32916625		1	1.0	28883	1159
4	chr2:32916348-32916625		2	0.9862895128622373	28487	763
4	chr2:32916348-32916625		3	0.9795035141778901	28291	665
4	chr2:32916348-32916625		4	0.9750372191254371	28162	622
4	chr2:32916348-32916625		5	0.9712979953605927	28054	595
4	chr2:32916348-32916625		7	0.9630232316587612	27815	551
4	chr2:32916348-32916625		10	0.9483433161375203	27391	498
4	chr2:32916348-32916625		20	0.902191600595506	26058	403
4	chr2:32916348-32916625		30	0.8326004916386802	24048	319
5	chr2:110520279-110520323		0	1.0	7	7
5	chr2:110520279-110520323		1	1.0	7	2
5	chr2:110520279-110520323		2	0.8571428571428571	6	1
5	chr2:110520279-110520323		3	0.8571428571428571	6	1
5	chr2:110520279-110520323		4	0.8571428571428571	6	1
5	chr2:110520279-110520323		5	0.8571428571428571	6	1
5	chr2:110520279-110520323		7	0.0	0	0
5	chr2:110520279-110520323		10	0.0	0	0
5	chr2:110520279-110520323		20	0.0	0	0
5	chr2:110520279-110520323		30	0.0	0	0
6	chr3:179199120-179199196	PIK3CA_123	0	1.0	241038	241038
6	chr3:179199120-179199196	PIK3CA_123	1	1.0	241038	11171
6	chr3:179199120-179199196	PIK3CA_123	2	0.9878774301147537	238116	8249
6	chr3:179199120-179199196	PIK3CA_123	3	0.9830068287987787	236942	7662
6	chr3:179199120-179199196	PIK3CA_123	4	0.9771820210921099	235538	7194
6	chr3:179199120-179199196	PIK3CA_123	5	0.9704444942291257	233914	6788
6	chr3:179199120-179199196	PIK3CA_123	7	0.9573884615703748	230767	6212
6	chr3:179199120-179199196	PIK3CA_123	10	0.9360889154407189	225633	5564
6	chr3:179199120-179199196	PIK3CA_123	20	0.8491316721844688	204673	4079
6	chr3:179199120-179199196	PIK3CA_123	30	0.7491474373335325	180573	3091
7	chr3:179234247-179234331	PIK3CA_234	0	1.0	250394	250394
7	chr3:179234247-179234331	PIK3CA_234	1	1.0	250394	11002
7	chr3:179234247-179234331	PIK3CA_234	2	0.9882505171849165	247452	8060
7	chr3:179234247-179234331	PIK3CA_234	3	0.9822759331293881	245956	7312
7	chr3:179234247-179234331	PIK3CA_234	4	0.9761296197193223	244417	6799
7	chr3:179234247-179234331	PIK3CA_234	5	0.9695799420113901	242777	6389
7	chr3:179234247-179234331	PIK3CA_234	7	0.9557577258241012	239316	5755
7	chr3:179234247-179234331	PIK3CA_234	10	0.9355735361070953	234262	5120
7	chr3:179234247-179234331	PIK3CA_234	20	0.8678003466536738	217292	3901
7	chr3:179234247-179234331	PIK3CA_234	30	0.7926228264255534	198468	3129
8	chr4:54727443-54727487		0	1.0	56	56
8	chr4:54727443-54727487		1	1.0	56	1
8	chr4:54727443-54727487		2	1.0	56	1
8	chr4:54727443-54727487		3	1.0	56	1
8	chr4:54727443-54727487		4	1.0	56	1
8	chr4:54727443-54727487		5	1.0	56	1
8	chr4:54727443-54727487		7	1.0	56	1
8	chr4:54727443-54727487		10	1.0	56	1
8	chr4:54727443-54727487		20	1.0	56	1
8	chr4:54727443-54727487		30	1.0	56	1
9	chr4:54733121-54733204	KIT_125	0	1.0	312902	312902
9	chr4:54733121-54733204	KIT_125	1	1.0	312902	13663
9	chr4:54733121-54733204	KIT_125	2	0.9884468619567788	309287	10048
9	chr4:54733121-54733204	KIT_125	3	0.9832759138644048	307669	9239
9	chr4:54733121-54733204	KIT_125	4	0.9780026973301544	306019	8689
9	chr4:54733121-54733204	KIT_125	5	0.9725441192450033	304311	8262
9	chr4:54733121-54733204	KIT_125	7	0.9613936631916702	300822	7624
9	chr4:54733121-54733204	KIT_125	10	0.9430971997622258	295097	6905
9	chr4:54733121-54733204	KIT_125	20	0.8684763919693707	271748	5258
9	chr4:54733121-54733204	KIT_125	30	0.7721714786099162	241614	4026
