All	all_regions		0	1.0	356429	356429
All	all_regions		1	1.0	356429	115713
All	all_regions		2	0.8373953858973315	298472	57756
All	all_regions		3	0.7307261754795485	260452	38746
All	all_regions		4	0.6279146758540972	223807	26531
All	all_regions		5	0.5351612803671979	190747	18266
All	all_regions		7	0.39217628195236637	139783	8817
All	all_regions		10	0.26788504863521206	95482	3102
All	all_regions		20	0.18492603014906195	65913	625
All	all_regions		30	0.17246352008394378	61471	436
0	chr1:78921651-78921776	ELTD_1	0	1.0	422	422
0	chr1:78921651-78921776	ELTD_1	1	1.0	422	124
0	chr1:78921651-78921776	ELTD_1	2	0.8957345971563981	378	80
0	chr1:78921651-78921776	ELTD_1	3	0.8056872037914692	340	61
0	chr1:78921651-78921776	ELTD_1	4	0.6848341232227488	289	44
0	chr1:78921651-78921776	ELTD_1	5	0.6279620853080569	265	38
0	chr1:78921651-78921776	ELTD_1	7	0.3293838862559242	139	15
0	chr1:78921651-78921776	ELTD_1	10	0.12796208530805686	54	4
0	chr1:78921651-78921776	ELTD_1	20	0.052132701421800945	22	1
0	chr1:78921651-78921776	ELTD_1	30	0.0	0	0
1	chr1:114709543-114709623	NRAS_146_3	0	1.0	935	935
1	chr1:114709543-114709623	NRAS_146_3	1	1.0	935	409
1	chr1:114709543-114709623	NRAS_146_3	2	0.8074866310160428	755	229
1	chr1:114709543-114709623	NRAS_146_3	3	0.6042780748663101	565	134
1	chr1:114709543-114709623	NRAS_146_3	4	0.4053475935828877	379	72
1	chr1:114709543-114709623	NRAS_146_3	5	0.2812834224598931	263	43
1	chr1:114709543-114709623	NRAS_146_3	7	0.10802139037433155	101	12
1	chr1:114709543-114709623	NRAS_146_3	10	0.025668449197860963	24	2
1	chr1:114709543-114709623	NRAS_146_3	20	0.0	0	0
1	chr1:114709543-114709623	NRAS_146_3	30	0.0	0	0
2	chr1:114713878-114713959	NRAS_881_3	0	1.0	9897	9897
2	chr1:114713878-114713959	NRAS_881_3	1	1.0	9897	4044
2	chr1:114713878-114713959	NRAS_881_3	2	0.8323734464989391	8238	2385
2	chr1:114713878-114713959	NRAS_881_3	3	0.6569667576033141	6502	1517
2	chr1:114713878-114713959	NRAS_881_3	4	0.46630292007679097	4615	888
2	chr1:114713878-114713959	NRAS_881_3	5	0.3135293523289886	3103	510
2	chr1:114713878-114713959	NRAS_881_3	7	0.11943013034252804	1182	148
2	chr1:114713878-114713959	NRAS_881_3	10	0.020006062443164597	198	18
2	chr1:114713878-114713959	NRAS_881_3	20	0.0	0	0
2	chr1:114713878-114713959	NRAS_881_3	30	0.0	0	0
3	chr1:114716092-114716160	NRAS_089	0	1.0	11025	11025
3	chr1:114716092-114716160	NRAS_089	1	1.0	11025	4734
3	chr1:114716092-114716160	NRAS_089	2	0.804625850340136	8871	2580
3	chr1:114716092-114716160	NRAS_089	3	0.6333786848072562	6983	1636
3	chr1:114716092-114716160	NRAS_089	4	0.4505215419501134	4967	964
3	chr1:114716092-114716160	NRAS_089	5	0.30140589569160997	3323	553
3	chr1:114716092-114716160	NRAS_089	7	0.10503401360544218	1158	147
3	chr1:114716092-114716160	NRAS_089	10	0.014875283446712018	164	15
3	chr1:114716092-114716160	NRAS_089	20	0.0	0	0
3	chr1:114716092-114716160	NRAS_089	30	0.0	0	0
4	chr10:87933005-87933079	PTEN_91_98	0	1.0	152	152
4	chr10:87933005-87933079	PTEN_91_98	1	1.0	152	65
4	chr10:87933005-87933079	PTEN_91_98	2	0.8486842105263158	129	42
4	chr10:87933005-87933079	PTEN_91_98	3	0.5986842105263158	91	23
4	chr10:87933005-87933079	PTEN_91_98	4	0.34210526315789475	52	10
4	chr10:87933005-87933079	PTEN_91_98	5	0.23684210526315788	36	6
4	chr10:87933005-87933079	PTEN_91_98	7	0.05921052631578947	9	1
4	chr10:87933005-87933079	PTEN_91_98	10	0.0	0	0
4	chr10:87933005-87933079	PTEN_91_98	20	0.0	0	0
4	chr10:87933005-87933079	PTEN_91_98	30	0.0	0	0
5	chr10:87952109-87952196	PTEN_115	0	1.0	7184	7184
5	chr10:87952109-87952196	PTEN_115	1	1.0	7184	2009
5	chr10:87952109-87952196	PTEN_115	2	0.9113307349665924	6547	1372
5	chr10:87952109-87952196	PTEN_115	3	0.8286469933184856	5953	1075
5	chr10:87952109-87952196	PTEN_115	4	0.7242483296213809	5203	825
5	chr10:87952109-87952196	PTEN_115	5	0.6006403118040089	4315	603
5	chr10:87952109-87952196	PTEN_115	7	0.3759743875278396	2701	304
5	chr10:87952109-87952196	PTEN_115	10	0.14114699331848551	1014	86
5	chr10:87952109-87952196	PTEN_115	20	0.0	0	0
5	chr10:87952109-87952196	PTEN_115	30	0.0	0	0
6	chr10:87952159-87952195	PTEN_115	0	1.0	158	158
6	chr10:87952159-87952195	PTEN_115	1	1.0	158	57
6	chr10:87952159-87952195	PTEN_115	2	0.879746835443038	139	38
6	chr10:87952159-87952195	PTEN_115	3	0.7278481012658228	115	26
6	chr10:87952159-87952195	PTEN_115	4	0.5569620253164557	88	17
6	chr10:87952159-87952195	PTEN_115	5	0.379746835443038	60	10
6	chr10:87952159-87952195	PTEN_115	7	0.10759493670886076	17	2
6	chr10:87952159-87952195	PTEN_115	10	0.0	0	0
6	chr10:87952159-87952195	PTEN_115	20	0.0	0	0
6	chr10:87952159-87952195	PTEN_115	30	0.0	0	0
7	chr10:87961009-87961098	PTEN_911	0	1.0	3876	3876
7	chr10:87961009-87961098	PTEN_911	1	1.0	3876	1577
7	chr10:87961009-87961098	PTEN_911	2	0.836171310629515	3241	942
7	chr10:87961009-87961098	PTEN_911	3	0.6545407636738906	2537	590
7	chr10:87961009-87961098	PTEN_911	4	0.45330237358101133	1757	330
7	chr10:87961009-87961098	PTEN_911	5	0.3170794633642931	1229	198
7	chr10:87961009-87961098	PTEN_911	7	0.12435500515995872	482	59
7	chr10:87961009-87961098	PTEN_911	10	0.021671826625386997	84	8
7	chr10:87961009-87961098	PTEN_911	20	0.0	0	0
7	chr10:87961009-87961098	PTEN_911	30	0.0	0	0
8	chr11:61391245-61391288		0	1.0	61	61
8	chr11:61391245-61391288		1	1.0	61	55
8	chr11:61391245-61391288		2	0.16393442622950818	10	4
8	chr11:61391245-61391288		3	0.06557377049180328	4	1
8	chr11:61391245-61391288		4	0.06557377049180328	4	1
8	chr11:61391245-61391288		5	0.0	0	0
8	chr11:61391245-61391288		7	0.0	0	0
8	chr11:61391245-61391288		10	0.0	0	0
8	chr11:61391245-61391288		20	0.0	0	0
8	chr11:61391245-61391288		30	0.0	0	0
9	chr12:25225593-25225716	KRAS_144_147A	0	1.0	927	927
9	chr12:25225593-25225716	KRAS_144_147A	1	1.0	927	210
9	chr12:25225593-25225716	KRAS_144_147A	2	0.9622437971952535	892	175
9	chr12:25225593-25225716	KRAS_144_147A	3	0.8845738942826321	820	139
9	chr12:25225593-25225716	KRAS_144_147A	4	0.819848975188781	760	119
9	chr12:25225593-25225716	KRAS_144_147A	5	0.6947141316073355	644	90
9	chr12:25225593-25225716	KRAS_144_147A	7	0.4325782092772384	401	45
9	chr12:25225593-25225716	KRAS_144_147A	10	0.17691477885652643	164	14
9	chr12:25225593-25225716	KRAS_144_147A	20	0.0	0	0
9	chr12:25225593-25225716	KRAS_144_147A	30	0.0	0	0
10	chr12:25225666-25225749	KRAS_117_1	0	1.0	2999	2999
10	chr12:25225666-25225749	KRAS_117_1	1	1.0	2999	883
10	chr12:25225666-25225749	KRAS_117_1	2	0.8969656552184061	2690	574
10	chr12:25225666-25225749	KRAS_117_1	3	0.802267422474158	2406	432
10	chr12:25225666-25225749	KRAS_117_1	4	0.6952317439146383	2085	325
10	chr12:25225666-25225749	KRAS_117_1	5	0.563187729243081	1689	226
10	chr12:25225666-25225749	KRAS_117_1	7	0.3884628209403134	1165	129
10	chr12:25225666-25225749	KRAS_117_1	10	0.15371790596865623	461	39
10	chr12:25225666-25225749	KRAS_117_1	20	0.007002334111370457	21	1
10	chr12:25225666-25225749	KRAS_117_1	30	0.0	0	0
11	chr12:25227300-25227377	KRAS_59_1	0	1.0	4496	4496
11	chr12:25227300-25227377	KRAS_59_1	1	1.0	4496	1186
11	chr12:25227300-25227377	KRAS_59_1	2	0.9214857651245552	4143	833
11	chr12:25227300-25227377	KRAS_59_1	3	0.8525355871886121	3833	678
11	chr12:25227300-25227377	KRAS_59_1	4	0.7477758007117438	3362	521
11	chr12:25227300-25227377	KRAS_59_1	5	0.6338967971530249	2850	393
11	chr12:25227300-25227377	KRAS_59_1	7	0.4197064056939502	1887	214
11	chr12:25227300-25227377	KRAS_59_1	10	0.1554715302491103	699	61
11	chr12:25227300-25227377	KRAS_59_1	20	0.005115658362989324	23	1
11	chr12:25227300-25227377	KRAS_59_1	30	0.0	0	0
12	chr12:25245267-25245395	KRAS_1	0	1.0	5858	5858
12	chr12:25245267-25245395	KRAS_1	1	1.0	5858	1247
12	chr12:25245267-25245395	KRAS_1	2	0.9436667804711506	5528	917
12	chr12:25245267-25245395	KRAS_1	3	0.898258791396381	5262	784
12	chr12:25245267-25245395	KRAS_1	4	0.8255377261864117	4836	642
12	chr12:25245267-25245395	KRAS_1	5	0.7483782861044725	4384	529
12	chr12:25245267-25245395	KRAS_1	7	0.5658927961761694	3315	335
12	chr12:25245267-25245395	KRAS_1	10	0.30437009218163197	1783	141
12	chr12:25245267-25245395	KRAS_1	20	0.02526459542505975	148	7
12	chr12:25245267-25245395	KRAS_1	30	0.0	0	0
13	chr12:45836877-45836956	ARID2_880	0	1.0	9678	9678
13	chr12:45836877-45836956	ARID2_880	1	1.0	9678	3909
13	chr12:45836877-45836956	ARID2_880	2	0.8246538541020872	7981	2212
13	chr12:45836877-45836956	ARID2_880	3	0.6667699938003719	6453	1448
13	chr12:45836877-45836956	ARID2_880	4	0.49969001859888407	4836	909
13	chr12:45836877-45836956	ARID2_880	5	0.3376730729489564	3268	517
13	chr12:45836877-45836956	ARID2_880	7	0.1454846042570779	1408	170
13	chr12:45836877-45836956	ARID2_880	10	0.0319280843149411	309	27
13	chr12:45836877-45836956	ARID2_880	20	0.0	0	0
13	chr12:45836877-45836956	ARID2_880	30	0.0	0	0
14	chr12:45848840-45848921		0	1.0	11685	11685
14	chr12:45848840-45848921		1	1.0	11685	2945
14	chr12:45848840-45848921		2	0.9368421052631579	10947	2207
14	chr12:45848840-45848921		3	0.8577663671373555	10023	1745
14	chr12:45848840-45848921		4	0.7535301668806161	8805	1339
14	chr12:45848840-45848921		5	0.6378262729995721	7453	1001
14	chr12:45848840-45848921		7	0.4240479246897732	4955	540
14	chr12:45848840-45848921		10	0.19032948224219084	2224	190
14	chr12:45848840-45848921		20	0.0	0	0
14	chr12:45848840-45848921		30	0.0	0	0
15	chr14:77269794-77269826		0	1.0	733	733
15	chr14:77269794-77269826		1	1.0	733	698
15	chr14:77269794-77269826		2	0.0927694406548431	68	33
15	chr14:77269794-77269826		3	0.008185538881309686	6	2
15	chr14:77269794-77269826		4	0.0	0	0
15	chr14:77269794-77269826		5	0.0	0	0
15	chr14:77269794-77269826		7	0.0	0	0
15	chr14:77269794-77269826		10	0.0	0	0
15	chr14:77269794-77269826		20	0.0	0	0
15	chr14:77269794-77269826		30	0.0	0	0
16	chr14:99420942-99420983		0	1.0	39	39
16	chr14:99420942-99420983		1	1.0	39	33
16	chr14:99420942-99420983		2	0.23076923076923078	9	3
16	chr14:99420942-99420983		3	0.1282051282051282	5	1
16	chr14:99420942-99420983		4	0.1282051282051282	5	1
16	chr14:99420942-99420983		5	0.1282051282051282	5	1
16	chr14:99420942-99420983		7	0.0	0	0
16	chr14:99420942-99420983		10	0.0	0	0
16	chr14:99420942-99420983		20	0.0	0	0
16	chr14:99420942-99420983		30	0.0	0	0
17	chr14:104780190-104780266	AKT_1_33765_v3	0	1.0	7828	7828
17	chr14:104780190-104780266	AKT_1_33765_v3	1	1.0	7828	2841
17	chr14:104780190-104780266	AKT_1_33765_v3	2	0.8590955544200306	6725	1738
17	chr14:104780190-104780266	AKT_1_33765_v3	3	0.7285385794583547	5703	1227
17	chr14:104780190-104780266	AKT_1_33765_v3	4	0.5679611650485437	4446	808
17	chr14:104780190-104780266	AKT_1_33765_v3	5	0.4192641798671436	3282	517
17	chr14:104780190-104780266	AKT_1_33765_v3	7	0.1833163004598876	1435	175
17	chr14:104780190-104780266	AKT_1_33765_v3	10	0.04011241696474195	314	28
17	chr14:104780190-104780266	AKT_1_33765_v3	20	0.0	0	0
17	chr14:104780190-104780266	AKT_1_33765_v3	30	0.0	0	0
18	chr17:7669613-7669693	TP53_374_385	0	1.0	1133	1133
18	chr17:7669613-7669693	TP53_374_385	1	1.0	1133	442
18	chr17:7669613-7669693	TP53_374_385	2	0.8481906443071492	961	270
18	chr17:7669613-7669693	TP53_374_385	3	0.6681376875551632	757	168
18	chr17:7669613-7669693	TP53_374_385	4	0.5066195939982348	574	107
18	chr17:7669613-7669693	TP53_374_385	5	0.3442188879082083	390	61
18	chr17:7669613-7669693	TP53_374_385	7	0.16946160635481025	192	24
18	chr17:7669613-7669693	TP53_374_385	10	0.0353045013239188	40	4
18	chr17:7669613-7669693	TP53_374_385	20	0.0	0	0
18	chr17:7669613-7669693	TP53_374_385	30	0.0	0	0
19	chr17:7669646-7669722	TP53_374_385	0	1.0	314	314
19	chr17:7669646-7669722	TP53_374_385	1	1.0	314	93
19	chr17:7669646-7669722	TP53_374_385	2	0.9203821656050956	289	68
19	chr17:7669646-7669722	TP53_374_385	3	0.8184713375796179	257	52
19	chr17:7669646-7669722	TP53_374_385	4	0.6751592356687898	212	37
19	chr17:7669646-7669722	TP53_374_385	5	0.535031847133758	168	26
19	chr17:7669646-7669722	TP53_374_385	7	0.31528662420382164	99	13
19	chr17:7669646-7669722	TP53_374_385	10	0.0	0	0
19	chr17:7669646-7669722	TP53_374_385	20	0.0	0	0
19	chr17:7669646-7669722	TP53_374_385	30	0.0	0	0
20	chr17:7670628-7670733	TP53_345	0	1.0	9622	9622
20	chr17:7670628-7670733	TP53_345	1	1.0	9622	2770
20	chr17:7670628-7670733	TP53_345	2	0.9060486385366867	8718	1866
20	chr17:7670628-7670733	TP53_345	3	0.8106422781126585	7800	1407
20	chr17:7670628-7670733	TP53_345	4	0.7018291415506132	6753	1058
20	chr17:7670628-7670733	TP53_345	5	0.5850135107046353	5629	777
20	chr17:7670628-7670733	TP53_345	7	0.38235294117647056	3679	419
20	chr17:7670628-7670733	TP53_345	10	0.13282061941384327	1278	109
20	chr17:7670628-7670733	TP53_345	20	0.004364996882145084	42	2
20	chr17:7670628-7670733	TP53_345	30	0.0	0	0
21	chr17:7673504-7673583	TP53_323	0	1.0	546	546
21	chr17:7673504-7673583	TP53_323	1	1.0	546	210
21	chr17:7673504-7673583	TP53_323	2	0.847985347985348	463	127
21	chr17:7673504-7673583	TP53_323	3	0.7161172161172161	391	91
21	chr17:7673504-7673583	TP53_323	4	0.5183150183150184	283	55
21	chr17:7673504-7673583	TP53_323	5	0.35714285714285715	195	33
21	chr17:7673504-7673583	TP53_323	7	0.10073260073260074	55	7
21	chr17:7673504-7673583	TP53_323	10	0.018315018315018316	10	1
21	chr17:7673504-7673583	TP53_323	20	0.0	0	0
21	chr17:7673504-7673583	TP53_323	30	0.0	0	0
22	chr17:7673672-7673825	TP53_298_306	0	1.0	4525	4525
22	chr17:7673672-7673825	TP53_298_306	1	1.0	4525	1777
22	chr17:7673672-7673825	TP53_298_306	2	0.8316022099447514	3763	1015
22	chr17:7673672-7673825	TP53_298_306	3	0.6742541436464088	3051	659
22	chr17:7673672-7673825	TP53_298_306	4	0.5151381215469614	2331	419
22	chr17:7673672-7673825	TP53_298_306	5	0.3825414364640884	1731	269
22	chr17:7673672-7673825	TP53_298_306	7	0.18099447513812156	819	100
22	chr17:7673672-7673825	TP53_298_306	10	0.043535911602209945	197	18
22	chr17:7673672-7673825	TP53_298_306	20	0.0	0	0
22	chr17:7673672-7673825	TP53_298_306	30	0.0	0	0
23	chr17:7674161-7674238	TP53_0248_0261	0	1.0	1058	1058
23	chr17:7674161-7674238	TP53_0248_0261	1	1.0	1058	437
23	chr17:7674161-7674238	TP53_0248_0261	2	0.8194706994328923	867	246
23	chr17:7674161-7674238	TP53_0248_0261	3	0.6644612476370511	703	164
23	chr17:7674161-7674238	TP53_0248_0261	4	0.4716446124763705	499	96
23	chr17:7674161-7674238	TP53_0248_0261	5	0.3393194706994329	359	61
23	chr17:7674161-7674238	TP53_0248_0261	7	0.09924385633270322	105	13
23	chr17:7674161-7674238	TP53_0248_0261	10	0.023629489603024575	25	2
23	chr17:7674161-7674238	TP53_0248_0261	20	0.0	0	0
23	chr17:7674161-7674238	TP53_0248_0261	30	0.0	0	0
24	chr17:7674210-7674288	TP53_0248_0261	0	1.0	519	519
24	chr17:7674210-7674288	TP53_0248_0261	1	1.0	519	136
24	chr17:7674210-7674288	TP53_0248_0261	2	0.9152215799614644	475	92
24	chr17:7674210-7674288	TP53_0248_0261	3	0.8420038535645472	437	73
24	chr17:7674210-7674288	TP53_0248_0261	4	0.7726396917148363	401	61
24	chr17:7674210-7674288	TP53_0248_0261	5	0.6647398843930635	345	47
24	chr17:7674210-7674288	TP53_0248_0261	7	0.4277456647398844	222	24
24	chr17:7674210-7674288	TP53_0248_0261	10	0.17533718689788053	91	8
24	chr17:7674210-7674288	TP53_0248_0261	20	0.0	0	0
24	chr17:7674210-7674288	TP53_0248_0261	30	0.0	0	0
25	chr17:7674820-7674943	TP53_219_224	0	1.0	703	703
25	chr17:7674820-7674943	TP53_219_224	1	1.0	703	294
25	chr17:7674820-7674943	TP53_219_224	2	0.8193456614509246	576	167
25	chr17:7674820-7674943	TP53_219_224	3	0.6401137980085349	450	104
25	chr17:7674820-7674943	TP53_219_224	4	0.4566145092460882	321	61
25	chr17:7674820-7674943	TP53_219_224	5	0.32574679943101	229	38
25	chr17:7674820-7674943	TP53_219_224	7	0.112375533428165	79	10
25	chr17:7674820-7674943	TP53_219_224	10	0.029871977240398292	21	2
25	chr17:7674820-7674943	TP53_219_224	20	0.0	0	0
25	chr17:7674820-7674943	TP53_219_224	30	0.0	0	0
26	chr17:7674891-7674966	TP53_0196_0205	0	1.0	489	489
26	chr17:7674891-7674966	TP53_0196_0205	1	1.0	489	192
26	chr17:7674891-7674966	TP53_0196_0205	2	0.8384458077709611	410	113
26	chr17:7674891-7674966	TP53_0196_0205	3	0.6912065439672802	338	77
26	chr17:7674891-7674966	TP53_0196_0205	4	0.5255623721881391	257	50
26	chr17:7674891-7674966	TP53_0196_0205	5	0.3783231083844581	185	32
26	chr17:7674891-7674966	TP53_0196_0205	7	0.11042944785276074	54	7
26	chr17:7674891-7674966	TP53_0196_0205	10	0.0	0	0
26	chr17:7674891-7674966	TP53_0196_0205	20	0.0	0	0
26	chr17:7674891-7674966	TP53_0196_0205	30	0.0	0	0
27	chr17:7674922-7674998	TP53_0196_0205	0	1.0	655	655
27	chr17:7674922-7674998	TP53_0196_0205	1	1.0	655	205
27	chr17:7674922-7674998	TP53_0196_0205	2	0.9038167938931297	592	142
27	chr17:7674922-7674998	TP53_0196_0205	3	0.7725190839694657	506	99
27	chr17:7674922-7674998	TP53_0196_0205	4	0.6442748091603053	422	71
27	chr17:7674922-7674998	TP53_0196_0205	5	0.5038167938931297	330	48
27	chr17:7674922-7674998	TP53_0196_0205	7	0.3190839694656489	209	25
27	chr17:7674922-7674998	TP53_0196_0205	10	0.08244274809160305	54	5
27	chr17:7674922-7674998	TP53_0196_0205	20	0.0	0	0
27	chr17:7674922-7674998	TP53_0196_0205	30	0.0	0	0
28	chr17:7675035-7675133	TP53_172A	0	1.0	8673	8673
28	chr17:7675035-7675133	TP53_172A	1	1.0	8673	3234
28	chr17:7675035-7675133	TP53_172A	2	0.8493024328375418	7366	1927
28	chr17:7675035-7675133	TP53_172A	3	0.7074829931972789	6136	1312
28	chr17:7675035-7675133	TP53_172A	4	0.554940620315923	4813	871
28	chr17:7675035-7675133	TP53_172A	5	0.40689496137438025	3529	550
28	chr17:7675035-7675133	TP53_172A	7	0.19139859333563933	1660	201
28	chr17:7675035-7675133	TP53_172A	10	0.04070102617318114	353	31
28	chr17:7675035-7675133	TP53_172A	20	0.0	0	0
28	chr17:7675035-7675133	TP53_172A	30	0.0	0	0
29	chr17:7675940-7676024	TP53_122	0	1.0	2545	2545
29	chr17:7675940-7676024	TP53_122	1	1.0	2545	984
29	chr17:7675940-7676024	TP53_122	2	0.8388998035363457	2135	574
29	chr17:7675940-7676024	TP53_122	3	0.6856581532416502	1745	379
29	chr17:7675940-7676024	TP53_122	4	0.5277013752455796	1343	245
29	chr17:7675940-7676024	TP53_122	5	0.39096267190569745	995	158
29	chr17:7675940-7676024	TP53_122	7	0.16581532416502948	422	52
29	chr17:7675940-7676024	TP53_122	10	0.03182711198428291	81	7
29	chr17:7675940-7676024	TP53_122	20	0.0	0	0
29	chr17:7675940-7676024	TP53_122	30	0.0	0	0
30	chr17:7675975-7676098	TP53_122	0	1.0	373	373
30	chr17:7675975-7676098	TP53_122	1	1.0	373	101
30	chr17:7675975-7676098	TP53_122	2	0.9222520107238605	344	72
30	chr17:7675975-7676098	TP53_122	3	0.8471849865951743	316	58
30	chr17:7675975-7676098	TP53_122	4	0.7426273458445041	277	45
30	chr17:7675975-7676098	TP53_122	5	0.6353887399463807	237	35
30	chr17:7675975-7676098	TP53_122	7	0.3699731903485255	138	17
30	chr17:7675975-7676098	TP53_122	10	0.05361930294906166	20	2
30	chr17:7675975-7676098	TP53_122	20	0.0	0	0
30	chr17:7675975-7676098	TP53_122	30	0.0	0	0
31	chr17:7676015-7676098	TP53_113_125	0	1.0	684	684
31	chr17:7676015-7676098	TP53_113_125	1	1.0	684	307
31	chr17:7676015-7676098	TP53_113_125	2	0.7894736842105263	540	163
31	chr17:7676015-7676098	TP53_113_125	3	0.5994152046783626	410	98
31	chr17:7676015-7676098	TP53_113_125	4	0.4283625730994152	293	59
31	chr17:7676015-7676098	TP53_113_125	5	0.25292397660818716	173	29
31	chr17:7676015-7676098	TP53_113_125	7	0.09210526315789473	63	8
31	chr17:7676015-7676098	TP53_113_125	10	0.014619883040935672	10	1
31	chr17:7676015-7676098	TP53_113_125	20	0.0	0	0
31	chr17:7676015-7676098	TP53_113_125	30	0.0	0	0
32	chr17:7676066-7676144	TP53_098_109	0	1.0	156	156
32	chr17:7676066-7676144	TP53_098_109	1	1.0	156	47
32	chr17:7676066-7676144	TP53_098_109	2	0.8910256410256411	139	30
32	chr17:7676066-7676144	TP53_098_109	3	0.7884615384615384	123	22
32	chr17:7676066-7676144	TP53_098_109	4	0.7115384615384616	111	18
32	chr17:7676066-7676144	TP53_098_109	5	0.532051282051282	83	11
32	chr17:7676066-7676144	TP53_098_109	7	0.3076923076923077	48	5
32	chr17:7676066-7676144	TP53_098_109	10	0.1987179487179487	31	3
32	chr17:7676066-7676144	TP53_098_109	20	0.0	0	0
32	chr17:7676066-7676144	TP53_098_109	30	0.0	0	0
33	chr17:7676360-7676437	TP53_026	0	1.0	2105	2105
33	chr17:7676360-7676437	TP53_026	1	1.0	2105	816
33	chr17:7676360-7676437	TP53_026	2	0.8266033254156769	1740	451
33	chr17:7676360-7676437	TP53_026	3	0.6888361045130641	1450	306
33	chr17:7676360-7676437	TP53_026	4	0.527790973871734	1111	193
33	chr17:7676360-7676437	TP53_026	5	0.4232779097387173	891	138
33	chr17:7676360-7676437	TP53_026	7	0.19334916864608076	407	49
33	chr17:7676360-7676437	TP53_026	10	0.04228028503562945	89	8
33	chr17:7676360-7676437	TP53_026	20	0.0	0	0
33	chr17:7676360-7676437	TP53_026	30	0.0	0	0
34	chr17:39724696-39724820	ERBB2_14062_v1	0	1.0	11921	11921
34	chr17:39724696-39724820	ERBB2_14062_v1	1	1.0	11921	5076
34	chr17:39724696-39724820	ERBB2_14062_v1	2	0.8090764197634427	9645	2800
34	chr17:39724696-39724820	ERBB2_14062_v1	3	0.6396275480244946	7625	1790
34	chr17:39724696-39724820	ERBB2_14062_v1	4	0.4569247546346783	5447	1064
34	chr17:39724696-39724820	ERBB2_14062_v1	5	0.2972066101837094	3543	588
34	chr17:39724696-39724820	ERBB2_14062_v1	7	0.10502474624612029	1252	158
34	chr17:39724696-39724820	ERBB2_14062_v1	10	0.015099404412381511	180	17
34	chr17:39724696-39724820	ERBB2_14062_v1	20	0.0	0	0
34	chr17:39724696-39724820	ERBB2_14062_v1	30	0.0	0	0
35	chr19:42335146-42335231		0	1.0	8	8
35	chr19:42335146-42335231		1	1.0	8	2
35	chr19:42335146-42335231		2	0.875	7	1
35	chr19:42335146-42335231		3	0.875	7	1
35	chr19:42335146-42335231		4	0.875	7	1
35	chr19:42335146-42335231		5	0.875	7	1
35	chr19:42335146-42335231		7	0.875	7	1
35	chr19:42335146-42335231		10	0.0	0	0
35	chr19:42335146-42335231		20	0.0	0	0
35	chr19:42335146-42335231		30	0.0	0	0
36	chr2:29209760-29209838	ALK7_v2	0	1.0	215	215
36	chr2:29209760-29209838	ALK7_v2	1	1.0	215	99
36	chr2:29209760-29209838	ALK7_v2	2	0.7767441860465116	167	51
36	chr2:29209760-29209838	ALK7_v2	3	0.6	129	32
36	chr2:29209760-29209838	ALK7_v2	4	0.39069767441860465	84	17
36	chr2:29209760-29209838	ALK7_v2	5	0.22325581395348837	48	8
36	chr2:29209760-29209838	ALK7_v2	7	0.08372093023255814	18	2
36	chr2:29209760-29209838	ALK7_v2	10	0.0	0	0
36	chr2:29209760-29209838	ALK7_v2	20	0.0	0	0
36	chr2:29209760-29209838	ALK7_v2	30	0.0	0	0
37	chr2:29213938-29214034	ALK6_v2	0	1.0	2187	2187
37	chr2:29213938-29214034	ALK6_v2	1	1.0	2187	801
37	chr2:29213938-29214034	ALK6_v2	2	0.8605395518975766	1882	496
37	chr2:29213938-29214034	ALK6_v2	3	0.7215363511659808	1578	344
37	chr2:29213938-29214034	ALK6_v2	4	0.5473251028806584	1197	217
37	chr2:29213938-29214034	ALK6_v2	5	0.40832190214906267	893	141
37	chr2:29213938-29214034	ALK6_v2	7	0.17146776406035666	375	45
37	chr2:29213938-29214034	ALK6_v2	10	0.037951531778692274	83	8
37	chr2:29213938-29214034	ALK6_v2	20	0.0	0	0
37	chr2:29213938-29214034	ALK6_v2	30	0.0	0	0
38	chr2:29220708-29220812	ALK5	0	1.0	2794	2794
38	chr2:29220708-29220812	ALK5	1	1.0	2794	1215
38	chr2:29220708-29220812	ALK5	2	0.7906227630637079	2209	630
38	chr2:29220708-29220812	ALK5	3	0.636721546170365	1779	415
38	chr2:29220708-29220812	ALK5	4	0.4638511095204009	1296	254
38	chr2:29220708-29220812	ALK5	5	0.31496062992125984	880	150
38	chr2:29220708-29220812	ALK5	7	0.09198282032927703	257	33
38	chr2:29220708-29220812	ALK5	10	0.010737294201861132	30	3
38	chr2:29220708-29220812	ALK5	20	0.0	0	0
38	chr2:29220708-29220812	ALK5	30	0.0	0	0
39	chr2:29220779-29220863	ALK5	0	1.0	4465	4465
39	chr2:29220779-29220863	ALK5	1	1.0	4465	1602
39	chr2:29220779-29220863	ALK5	2	0.8689809630459127	3880	1017
39	chr2:29220779-29220863	ALK5	3	0.7323628219484882	3270	712
39	chr2:29220779-29220863	ALK5	4	0.5502799552071669	2457	441
39	chr2:29220779-29220863	ALK5	5	0.393505039193729	1757	266
39	chr2:29220779-29220863	ALK5	7	0.19776035834266517	883	104
39	chr2:29220779-29220863	ALK5	10	0.05464725643896976	244	21
39	chr2:29220779-29220863	ALK5	20	0.0	0	0
39	chr2:29220779-29220863	ALK5	30	0.0	0	0
40	chr2:29222321-29222396	ALK3	0	1.0	765	765
40	chr2:29222321-29222396	ALK3	1	1.0	765	344
40	chr2:29222321-29222396	ALK3	2	0.7764705882352941	594	173
40	chr2:29222321-29222396	ALK3	3	0.6196078431372549	474	113
40	chr2:29222321-29222396	ALK3	4	0.44313725490196076	339	68
40	chr2:29222321-29222396	ALK3	5	0.28104575163398693	215	37
40	chr2:29222321-29222396	ALK3	7	0.06405228758169934	49	6
40	chr2:29222321-29222396	ALK3	10	0.026143790849673203	20	2
40	chr2:29222321-29222396	ALK3	20	0.0	0	0
40	chr2:29222321-29222396	ALK3	30	0.0	0	0
41	chr2:29222352-29222437	ALK3	0	1.0	11874	11874
41	chr2:29222352-29222437	ALK3	1	1.0	11874	4408
41	chr2:29222352-29222437	ALK3	2	0.8485767222502948	10076	2610
41	chr2:29222352-29222437	ALK3	3	0.7166919319521644	8510	1827
41	chr2:29222352-29222437	ALK3	4	0.5527202290719219	6563	1178
41	chr2:29222352-29222437	ALK3	5	0.4071921846050194	4835	746
41	chr2:29222352-29222437	ALK3	7	0.20212228398180898	2400	294
41	chr2:29222352-29222437	ALK3	10	0.04337207343776318	515	47
41	chr2:29222352-29222437	ALK3	20	0.0	0	0
41	chr2:29222352-29222437	ALK3	30	0.0	0	0
42	chr2:29222534-29222620	ALK1_v2	0	1.0	3813	3813
42	chr2:29222534-29222620	ALK1_v2	1	1.0	3813	1629
42	chr2:29222534-29222620	ALK1_v2	2	0.8046157880933648	3068	884
42	chr2:29222534-29222620	ALK1_v2	3	0.6441122475740887	2456	578
42	chr2:29222534-29222620	ALK1_v2	4	0.45764489902963545	1745	341
42	chr2:29222534-29222620	ALK1_v2	5	0.2939942302648833	1121	185
42	chr2:29222534-29222620	ALK1_v2	7	0.1064778389719381	406	52
42	chr2:29222534-29222620	ALK1_v2	10	0.010752688172043012	41	4
42	chr2:29222534-29222620	ALK1_v2	20	0.0	0	0
42	chr2:29222534-29222620	ALK1_v2	30	0.0	0	0
43	chr2:32916228-32916340		0	1.0	5035	5035
43	chr2:32916228-32916340		1	1.0	5035	2741
43	chr2:32916228-32916340		2	0.5463753723932473	2751	457
43	chr2:32916228-32916340		3	0.47249255213505464	2379	271
43	chr2:32916228-32916340		4	0.4307845084409136	2169	201
43	chr2:32916228-32916340		5	0.39185700099304865	1973	152
43	chr2:32916228-32916340		7	0.3433962264150943	1729	107
43	chr2:32916228-32916340		10	0.29056603773584905	1463	74
43	chr2:32916228-32916340		20	0.15471698113207547	779	23
43	chr2:32916228-32916340		30	0.1028798411122145	518	12
44	chr2:32916338-32916626		0	1.0	109485	109485
44	chr2:32916338-32916626		1	1.0	109485	30305
44	chr2:32916338-32916626		2	0.7908754623921085	86589	7409
44	chr2:32916338-32916626		3	0.7123076220486825	77987	3108
44	chr2:32916338-32916626		4	0.6788509841530803	74324	1887
44	chr2:32916338-32916626		5	0.6630680001826734	72596	1455
44	chr2:32916338-32916626		7	0.6468465999908664	70820	1125
44	chr2:32916338-32916626		10	0.6309083436087135	69075	904
44	chr2:32916338-32916626		20	0.5894232086587203	64533	574
44	chr2:32916338-32916626		30	0.5567246654792894	60953	424
45	chr2:153222306-153222344		0	1.0	38	38
45	chr2:153222306-153222344		1	1.0	38	28
45	chr2:153222306-153222344		2	0.34210526315789475	13	3
45	chr2:153222306-153222344		3	0.23684210526315788	9	1
45	chr2:153222306-153222344		4	0.23684210526315788	9	1
45	chr2:153222306-153222344		5	0.23684210526315788	9	1
45	chr2:153222306-153222344		7	0.23684210526315788	9	1
45	chr2:153222306-153222344		10	0.0	0	0
45	chr2:153222306-153222344		20	0.0	0	0
45	chr2:153222306-153222344		30	0.0	0	0
46	chr2:222866739-222866785		0	1.0	46	46
46	chr2:222866739-222866785		1	1.0	46	32
46	chr2:222866739-222866785		2	0.34782608695652173	16	2
46	chr2:222866739-222866785		3	0.34782608695652173	16	2
46	chr2:222866739-222866785		4	0.2826086956521739	13	1
46	chr2:222866739-222866785		5	0.2826086956521739	13	1
46	chr2:222866739-222866785		7	0.2826086956521739	13	1
46	chr2:222866739-222866785		10	0.2826086956521739	13	1
46	chr2:222866739-222866785		20	0.0	0	0
46	chr2:222866739-222866785		30	0.0	0	0
47	chr22:16572073-16572170		0	1.0	1549	1549
47	chr22:16572073-16572170		1	1.0	1549	1258
47	chr22:16572073-16572170		2	0.32020658489347964	496	205
47	chr22:16572073-16572170		3	0.11103938024531956	172	43
47	chr22:16572073-16572170		4	0.06649451258876694	103	20
47	chr22:16572073-16572170		5	0.040671400903808906	63	10
47	chr22:16572073-16572170		7	0.02065848934796643	32	4
47	chr22:16572073-16572170		10	0.0071013557133634605	11	1
47	chr22:16572073-16572170		20	0.0	0	0
47	chr22:16572073-16572170		30	0.0	0	0
48	chr3:41224578-41224676		0	1.0	6665	6665
48	chr3:41224578-41224676		1	1.0	6665	1733
48	chr3:41224578-41224676		2	0.9125281320330082	6082	1150
48	chr3:41224578-41224676		3	0.8378094523630908	5584	901
48	chr3:41224578-41224676		4	0.7545386346586647	5029	716
48	chr3:41224578-41224676		5	0.6687171792948237	4457	573
48	chr3:41224578-41224676		7	0.48192048012003	3212	343
48	chr3:41224578-41224676		10	0.22955738934733683	1530	128
48	chr3:41224578-41224676		20	0.009902475618904727	66	3
48	chr3:41224578-41224676		30	0.0	0	0
49	chr3:179199120-179199194	PIK3CA_123	0	1.0	15907	15907
49	chr3:179199120-179199194	PIK3CA_123	1	1.0	15907	4360
49	chr3:179199120-179199194	PIK3CA_123	2	0.9238699943421136	14696	3149
49	chr3:179199120-179199194	PIK3CA_123	3	0.8340981957628717	13268	2435
49	chr3:179199120-179199194	PIK3CA_123	4	0.7149053875652228	11372	1803
49	chr3:179199120-179199194	PIK3CA_123	5	0.5926950399195323	9428	1317
49	chr3:179199120-179199194	PIK3CA_123	7	0.37266612183315523	5928	670
49	chr3:179199120-179199194	PIK3CA_123	10	0.14276733513547496	2271	197
49	chr3:179199120-179199194	PIK3CA_123	20	0.0025774816118689886	41	2
49	chr3:179199120-179199194	PIK3CA_123	30	0.0	0	0
50	chr3:179218255-179218353	PIK3CA_258	0	1.0	5789	5789
50	chr3:179218255-179218353	PIK3CA_258	1	1.0	5789	2214
50	chr3:179218255-179218353	PIK3CA_258	2	0.7782000345482812	4505	930
50	chr3:179218255-179218353	PIK3CA_258	3	0.6742097080670236	3903	629
50	chr3:179218255-179218353	PIK3CA_258	4	0.6047676628087753	3501	495
50	chr3:179218255-179218353	PIK3CA_258	5	0.5301433753670755	3069	387
50	chr3:179218255-179218353	PIK3CA_258	7	0.38884090516496805	2251	237
50	chr3:179218255-179218353	PIK3CA_258	10	0.1879426498531698	1088	90
50	chr3:179218255-179218353	PIK3CA_258	20	0.0034548281223009156	20	1
50	chr3:179218255-179218353	PIK3CA_258	30	0.0	0	0
51	chr3:179234247-179234331	PIK3CA_234	0	1.0	20529	20529
51	chr3:179234247-179234331	PIK3CA_234	1	1.0	20529	4917
51	chr3:179234247-179234331	PIK3CA_234	2	0.9366262360563106	19228	3616
51	chr3:179234247-179234331	PIK3CA_234	3	0.8702810658093428	17866	2935
51	chr3:179234247-179234331	PIK3CA_234	4	0.7887378829947879	16192	2377
51	chr3:179234247-179234331	PIK3CA_234	5	0.6798187929270788	13956	1818
51	chr3:179234247-179234331	PIK3CA_234	7	0.4749866043158459	9751	1048
51	chr3:179234247-179234331	PIK3CA_234	10	0.21715621803302645	4458	373
51	chr3:179234247-179234331	PIK3CA_234	20	0.008524526279896732	175	8
51	chr3:179234247-179234331	PIK3CA_234	30	0.0	0	0
52	chr4:6594885-6594975		0	1.0	3	3
52	chr4:6594885-6594975		1	1.0	3	1
52	chr4:6594885-6594975		2	1.0	3	1
52	chr4:6594885-6594975		3	1.0	3	1
52	chr4:6594885-6594975		4	0.0	0	0
52	chr4:6594885-6594975		5	0.0	0	0
52	chr4:6594885-6594975		7	0.0	0	0
52	chr4:6594885-6594975		10	0.0	0	0
52	chr4:6594885-6594975		20	0.0	0	0
52	chr4:6594885-6594975		30	0.0	0	0
53	chr4:54274822-54274897	PDGFRA_1_v4	0	1.0	106	106
53	chr4:54274822-54274897	PDGFRA_1_v4	1	1.0	106	47
53	chr4:54274822-54274897	PDGFRA_1_v4	2	0.7830188679245284	83	24
53	chr4:54274822-54274897	PDGFRA_1_v4	3	0.6509433962264151	69	17
53	chr4:54274822-54274897	PDGFRA_1_v4	4	0.42452830188679247	45	9
53	chr4:54274822-54274897	PDGFRA_1_v4	5	0.27358490566037735	29	5
53	chr4:54274822-54274897	PDGFRA_1_v4	7	0.1320754716981132	14	2
53	chr4:54274822-54274897	PDGFRA_1_v4	10	0.0	0	0
53	chr4:54274822-54274897	PDGFRA_1_v4	20	0.0	0	0
53	chr4:54274822-54274897	PDGFRA_1_v4	30	0.0	0	0
54	chr4:54285826-54285905	PDGFRA_3_v1	0	1.0	1880	1880
54	chr4:54285826-54285905	PDGFRA_3_v1	1	1.0	1880	758
54	chr4:54285826-54285905	PDGFRA_3_v1	2	0.8420212765957447	1583	461
54	chr4:54285826-54285905	PDGFRA_3_v1	3	0.6547872340425532	1231	285
54	chr4:54285826-54285905	PDGFRA_3_v1	4	0.46170212765957447	868	164
54	chr4:54285826-54285905	PDGFRA_3_v1	5	0.3276595744680851	616	101
54	chr4:54285826-54285905	PDGFRA_3_v1	7	0.11808510638297873	222	28
54	chr4:54285826-54285905	PDGFRA_3_v1	10	0.013297872340425532	25	2
54	chr4:54285826-54285905	PDGFRA_3_v1	20	0.0	0	0
54	chr4:54285826-54285905	PDGFRA_3_v1	30	0.0	0	0
55	chr4:54725986-54726056	KIT_1_v1	0	1.0	118	118
55	chr4:54725986-54726056	KIT_1_v1	1	1.0	118	65
55	chr4:54725986-54726056	KIT_1_v1	2	0.6864406779661016	81	28
55	chr4:54725986-54726056	KIT_1_v1	3	0.4830508474576271	57	16
55	chr4:54725986-54726056	KIT_1_v1	4	0.2288135593220339	27	6
55	chr4:54725986-54726056	KIT_1_v1	5	0.1271186440677966	15	3
55	chr4:54725986-54726056	KIT_1_v1	7	0.0	0	0
55	chr4:54725986-54726056	KIT_1_v1	10	0.0	0	0
55	chr4:54725986-54726056	KIT_1_v1	20	0.0	0	0
55	chr4:54725986-54726056	KIT_1_v1	30	0.0	0	0
56	chr4:54727405-54727490	KIT_2_v4	0	1.0	23	23
56	chr4:54727405-54727490	KIT_2_v4	1	1.0	23	14
56	chr4:54727405-54727490	KIT_2_v4	2	0.6086956521739131	14	5
56	chr4:54727405-54727490	KIT_2_v4	3	0.43478260869565216	10	3
56	chr4:54727405-54727490	KIT_2_v4	4	0.17391304347826086	4	1
56	chr4:54727405-54727490	KIT_2_v4	5	0.0	0	0
56	chr4:54727405-54727490	KIT_2_v4	7	0.0	0	0
56	chr4:54727405-54727490	KIT_2_v4	10	0.0	0	0
56	chr4:54727405-54727490	KIT_2_v4	20	0.0	0	0
56	chr4:54727405-54727490	KIT_2_v4	30	0.0	0	0
57	chr4:54727442-54727493	KIT_2_v4	0	1.0	162	162
57	chr4:54727442-54727493	KIT_2_v4	1	1.0	162	97
57	chr4:54727442-54727493	KIT_2_v4	2	0.654320987654321	106	41
57	chr4:54727442-54727493	KIT_2_v4	3	0.35802469135802467	58	17
57	chr4:54727442-54727493	KIT_2_v4	4	0.15432098765432098	25	6
57	chr4:54727442-54727493	KIT_2_v4	5	0.030864197530864196	5	1
57	chr4:54727442-54727493	KIT_2_v4	7	0.0	0	0
57	chr4:54727442-54727493	KIT_2_v4	10	0.0	0	0
57	chr4:54727442-54727493	KIT_2_v4	20	0.0	0	0
57	chr4:54727442-54727493	KIT_2_v4	30	0.0	0	0
58	chr4:54728023-54728098	KIT_4_v1	0	1.0	1284	1284
58	chr4:54728023-54728098	KIT_4_v1	1	1.0	1284	576
58	chr4:54728023-54728098	KIT_4_v1	2	0.7897196261682243	1014	306
58	chr4:54728023-54728098	KIT_4_v1	3	0.6012461059190031	772	185
58	chr4:54728023-54728098	KIT_4_v1	4	0.42601246105919005	547	110
58	chr4:54728023-54728098	KIT_4_v1	5	0.2764797507788162	355	62
58	chr4:54728023-54728098	KIT_4_v1	7	0.07087227414330217	91	12
58	chr4:54728023-54728098	KIT_4_v1	10	0.008566978193146417	11	1
58	chr4:54728023-54728098	KIT_4_v1	20	0.0	0	0
58	chr4:54728023-54728098	KIT_4_v1	30	0.0	0	0
59	chr4:54729317-54729384	KIT_6_v1	0	1.0	351	351
59	chr4:54729317-54729384	KIT_6_v1	1	1.0	351	165
59	chr4:54729317-54729384	KIT_6_v1	2	0.7720797720797721	271	85
59	chr4:54729317-54729384	KIT_6_v1	3	0.584045584045584	205	52
59	chr4:54729317-54729384	KIT_6_v1	4	0.34472934472934474	121	24
59	chr4:54729317-54729384	KIT_6_v1	5	0.18518518518518517	65	10
59	chr4:54729317-54729384	KIT_6_v1	7	0.09401709401709402	33	4
59	chr4:54729317-54729384	KIT_6_v1	10	0.0	0	0
59	chr4:54729317-54729384	KIT_6_v1	20	0.0	0	0
59	chr4:54729317-54729384	KIT_6_v1	30	0.0	0	0
60	chr4:152326108-152326179	FBXW7_505	0	1.0	251	251
60	chr4:152326108-152326179	FBXW7_505	1	1.0	251	105
60	chr4:152326108-152326179	FBXW7_505	2	0.8247011952191236	207	61
60	chr4:152326108-152326179	FBXW7_505	3	0.6175298804780877	155	35
60	chr4:152326108-152326179	FBXW7_505	4	0.4262948207171315	107	19
60	chr4:152326108-152326179	FBXW7_505	5	0.3466135458167331	87	14
60	chr4:152326108-152326179	FBXW7_505	7	0.13147410358565736	33	4
60	chr4:152326108-152326179	FBXW7_505	10	0.0	0	0
60	chr4:152326108-152326179	FBXW7_505	20	0.0	0	0
60	chr4:152326108-152326179	FBXW7_505	30	0.0	0	0
61	chr5:112839479-112839550	APC_1304_1310	0	1.0	2400	2400
61	chr5:112839479-112839550	APC_1304_1310	1	1.0	2400	914
61	chr5:112839479-112839550	APC_1304_1310	2	0.8508333333333333	2042	556
61	chr5:112839479-112839550	APC_1304_1310	3	0.6916666666666667	1660	365
61	chr5:112839479-112839550	APC_1304_1310	4	0.5479166666666667	1315	250
61	chr5:112839479-112839550	APC_1304_1310	5	0.36791666666666667	883	142
61	chr5:112839479-112839550	APC_1304_1310	7	0.13625	327	39
61	chr5:112839479-112839550	APC_1304_1310	10	0.03666666666666667	88	8
61	chr5:112839479-112839550	APC_1304_1310	20	0.0	0	0
61	chr5:112839479-112839550	APC_1304_1310	30	0.0	0	0
62	chr5:112839856-112839988	APC_2	0	1.0	291	291
62	chr5:112839856-112839988	APC_2	1	1.0	291	83
62	chr5:112839856-112839988	APC_2	2	0.8625429553264605	251	43
62	chr5:112839856-112839988	APC_2	3	0.8281786941580757	241	38
62	chr5:112839856-112839988	APC_2	4	0.7560137457044673	220	31
62	chr5:112839856-112839988	APC_2	5	0.7010309278350515	204	27
62	chr5:112839856-112839988	APC_2	7	0.4879725085910653	142	16
62	chr5:112839856-112839988	APC_2	10	0.20618556701030927	60	6
62	chr5:112839856-112839988	APC_2	20	0.0	0	0
62	chr5:112839856-112839988	APC_2	30	0.0	0	0
63	chr6:54770728-54770803		0	1.0	7	7
63	chr6:54770728-54770803		1	1.0	7	2
63	chr6:54770728-54770803		2	0.8571428571428571	6	1
63	chr6:54770728-54770803		3	0.8571428571428571	6	1
63	chr6:54770728-54770803		4	0.8571428571428571	6	1
63	chr6:54770728-54770803		5	0.8571428571428571	6	1
63	chr6:54770728-54770803		7	0.0	0	0
63	chr6:54770728-54770803		10	0.0	0	0
63	chr6:54770728-54770803		20	0.0	0	0
63	chr6:54770728-54770803		30	0.0	0	0
64	chr6:152098734-152098831	ESR_735	0	1.0	1439	1439
64	chr6:152098734-152098831	ESR_735	1	1.0	1439	324
64	chr6:152098734-152098831	ESR_735	2	0.9444058373870744	1359	244
64	chr6:152098734-152098831	ESR_735	3	0.8874218207088256	1277	203
64	chr6:152098734-152098831	ESR_735	4	0.8019457956914524	1154	162
64	chr6:152098734-152098831	ESR_735	5	0.718554551772064	1034	132
64	chr6:152098734-152098831	ESR_735	7	0.5239749826268242	754	81
64	chr6:152098734-152098831	ESR_735	10	0.23002084781097984	331	28
64	chr6:152098734-152098831	ESR_735	20	0.0	0	0
64	chr6:152098734-152098831	ESR_735	30	0.0	0	0
65	chr7:55174729-55174814	EGFR_6223_v4	0	1.0	172	172
65	chr7:55174729-55174814	EGFR_6223_v4	1	1.0	172	75
65	chr7:55174729-55174814	EGFR_6223_v4	2	0.8081395348837209	139	42
65	chr7:55174729-55174814	EGFR_6223_v4	3	0.6104651162790697	105	25
65	chr7:55174729-55174814	EGFR_6223_v4	4	0.45348837209302323	78	16
65	chr7:55174729-55174814	EGFR_6223_v4	5	0.26744186046511625	46	8
65	chr7:55174729-55174814	EGFR_6223_v4	7	0.040697674418604654	7	1
65	chr7:55174729-55174814	EGFR_6223_v4	10	0.0	0	0
65	chr7:55174729-55174814	EGFR_6223_v4	20	0.0	0	0
65	chr7:55174729-55174814	EGFR_6223_v4	30	0.0	0	0
66	chr7:55181356-55181438	EGFR_6240_v4	0	1.0	596	596
66	chr7:55181356-55181438	EGFR_6240_v4	1	1.0	596	270
66	chr7:55181356-55181438	EGFR_6240_v4	2	0.7785234899328859	464	138
66	chr7:55181356-55181438	EGFR_6240_v4	3	0.6174496644295302	368	90
66	chr7:55181356-55181438	EGFR_6240_v4	4	0.4463087248322148	266	56
66	chr7:55181356-55181438	EGFR_6240_v4	5	0.2516778523489933	150	27
66	chr7:55181356-55181438	EGFR_6240_v4	7	0.02348993288590604	14	2
66	chr7:55181356-55181438	EGFR_6240_v4	10	0.0	0	0
66	chr7:55181356-55181438	EGFR_6240_v4	20	0.0	0	0
66	chr7:55181356-55181438	EGFR_6240_v4	30	0.0	0	0
67	chr7:55191780-55191865	EGFR_6224_v1	0	1.0	3857	3857
67	chr7:55191780-55191865	EGFR_6224_v1	1	1.0	3857	1585
67	chr7:55191780-55191865	EGFR_6224_v1	2	0.8146227638060669	3142	870
67	chr7:55191780-55191865	EGFR_6224_v1	3	0.6715063520871143	2590	594
67	chr7:55191780-55191865	EGFR_6224_v1	4	0.4863883847549909	1876	356
67	chr7:55191780-55191865	EGFR_6224_v1	5	0.34327197303603835	1324	218
67	chr7:55191780-55191865	EGFR_6224_v1	7	0.11848586984703137	457	57
67	chr7:55191780-55191865	EGFR_6224_v1	10	0.022815659839253304	88	8
67	chr7:55191780-55191865	EGFR_6224_v1	20	0.0	0	0
67	chr7:55191780-55191865	EGFR_6224_v1	30	0.0	0	0
69	chr7:140753302-140753377	BRAF_305	0	1.0	19131	19131
69	chr7:140753302-140753377	BRAF_305	1	1.0	19131	5134
69	chr7:140753302-140753377	BRAF_305	2	0.914641158329413	17498	3501
69	chr7:140753302-140753377	BRAF_305	3	0.830484553865454	15888	2696
69	chr7:140753302-140753377	BRAF_305	4	0.7338874078720401	14040	2080
69	chr7:140753302-140753377	BRAF_305	5	0.6347812450995766	12144	1606
69	chr7:140753302-140753377	BRAF_305	7	0.4333803773979405	8291	896
69	chr7:140753302-140753377	BRAF_305	10	0.19993727458052377	3825	323
69	chr7:140753302-140753377	BRAF_305	20	0.0022476608645653653	43	2
69	chr7:140753302-140753377	BRAF_305	30	0.0	0	0
70	chr8:124172000-124172037		0	1.0	25	25
70	chr8:124172000-124172037		1	1.0	25	16
70	chr8:124172000-124172037		2	0.4	10	1
70	chr8:124172000-124172037		3	0.4	10	1
70	chr8:124172000-124172037		4	0.4	10	1
70	chr8:124172000-124172037		5	0.4	10	1
70	chr8:124172000-124172037		7	0.4	10	1
70	chr8:124172000-124172037		10	0.4	10	1
70	chr8:124172000-124172037		20	0.0	0	0
70	chr8:124172000-124172037		30	0.0	0	0
71	chr9:21971075-21971242	CDKN2A_7_88	0	1.0	3244	3244
71	chr9:21971075-21971242	CDKN2A_7_88	1	1.0	3244	1355
71	chr9:21971075-21971242	CDKN2A_7_88	2	0.8008631319358817	2598	709
71	chr9:21971075-21971242	CDKN2A_7_88	3	0.6516646115906288	2114	467
71	chr9:21971075-21971242	CDKN2A_7_88	4	0.5175709001233045	1679	322
71	chr9:21971075-21971242	CDKN2A_7_88	5	0.342478421701603	1111	180
71	chr9:21971075-21971242	CDKN2A_7_88	7	0.13594327990135635	441	55
71	chr9:21971075-21971242	CDKN2A_7_88	10	0.027127003699136867	88	8
71	chr9:21971075-21971242	CDKN2A_7_88	20	0.0	0	0
71	chr9:21971075-21971242	CDKN2A_7_88	30	0.0	0	0
72	chr9:21971168-21971243	CDKN2A_051_057	0	1.0	4020	4020
72	chr9:21971168-21971243	CDKN2A_051_057	1	1.0	4020	1513
72	chr9:21971168-21971243	CDKN2A_051_057	2	0.8517412935323383	3424	917
72	chr9:21971168-21971243	CDKN2A_051_057	3	0.708457711442786	2848	629
72	chr9:21971168-21971243	CDKN2A_051_057	4	0.5353233830845772	2152	397
72	chr9:21971168-21971243	CDKN2A_051_057	5	0.38308457711442784	1540	244
72	chr9:21971168-21971243	CDKN2A_051_057	7	0.17139303482587065	689	85
72	chr9:21971168-21971243	CDKN2A_051_057	10	0.02736318407960199	110	10
72	chr9:21971168-21971243	CDKN2A_051_057	20	0.0	0	0
72	chr9:21971168-21971243	CDKN2A_051_057	30	0.0	0	0
73	chr9:33675649-33675734		0	1.0	176	176
73	chr9:33675649-33675734		1	1.0	176	66
73	chr9:33675649-33675734		2	0.8636363636363636	152	42
73	chr9:33675649-33675734		3	0.7159090909090909	126	29
73	chr9:33675649-33675734		4	0.4772727272727273	84	15
73	chr9:33675649-33675734		5	0.38636363636363635	68	11
73	chr9:33675649-33675734		7	0.20454545454545456	36	5
73	chr9:33675649-33675734		10	0.0	0	0
73	chr9:33675649-33675734		20	0.0	0	0
73	chr9:33675649-33675734		30	0.0	0	0
74	chr9:33676081-33676161		0	1.0	22	22
74	chr9:33676081-33676161		1	1.0	22	11
74	chr9:33676081-33676161		2	0.6818181818181818	15	4
74	chr9:33676081-33676161		3	0.5909090909090909	13	3
74	chr9:33676081-33676161		4	0.3181818181818182	7	1
74	chr9:33676081-33676161		5	0.3181818181818182	7	1
74	chr9:33676081-33676161		7	0.3181818181818182	7	1
74	chr9:33676081-33676161		10	0.0	0	0
74	chr9:33676081-33676161		20	0.0	0	0
74	chr9:33676081-33676161		30	0.0	0	0
75	chr9:132996258-132996337		0	1.0	4	4
75	chr9:132996258-132996337		1	1.0	4	1
75	chr9:132996258-132996337		2	1.0	4	1
75	chr9:132996258-132996337		3	1.0	4	1
75	chr9:132996258-132996337		4	1.0	4	1
75	chr9:132996258-132996337		5	0.0	0	0
75	chr9:132996258-132996337		7	0.0	0	0
75	chr9:132996258-132996337		10	0.0	0	0
75	chr9:132996258-132996337		20	0.0	0	0
75	chr9:132996258-132996337		30	0.0	0	0
76	chr5_KI270897v1_alt:491184-491220		0	1.0	3	3
76	chr5_KI270897v1_alt:491184-491220		1	1.0	3	1
76	chr5_KI270897v1_alt:491184-491220		2	1.0	3	1
76	chr5_KI270897v1_alt:491184-491220		3	1.0	3	1
76	chr5_KI270897v1_alt:491184-491220		4	0.0	0	0
76	chr5_KI270897v1_alt:491184-491220		5	0.0	0	0
76	chr5_KI270897v1_alt:491184-491220		7	0.0	0	0
76	chr5_KI270897v1_alt:491184-491220		10	0.0	0	0
76	chr5_KI270897v1_alt:491184-491220		20	0.0	0	0
76	chr5_KI270897v1_alt:491184-491220		30	0.0	0	0
77	chr6_GL000256v2_alt:4882002-4882075		0	1.0	4	4
77	chr6_GL000256v2_alt:4882002-4882075		1	1.0	4	1
77	chr6_GL000256v2_alt:4882002-4882075		2	1.0	4	1
77	chr6_GL000256v2_alt:4882002-4882075		3	1.0	4	1
77	chr6_GL000256v2_alt:4882002-4882075		4	1.0	4	1
77	chr6_GL000256v2_alt:4882002-4882075		5	0.0	0	0
77	chr6_GL000256v2_alt:4882002-4882075		7	0.0	0	0
77	chr6_GL000256v2_alt:4882002-4882075		10	0.0	0	0
77	chr6_GL000256v2_alt:4882002-4882075		20	0.0	0	0
77	chr6_GL000256v2_alt:4882002-4882075		30	0.0	0	0
78	chrX:75584550-75584624		0	1.0	1722	1722
78	chrX:75584550-75584624		1	1.0	1722	699
78	chrX:75584550-75584624		2	0.8281068524970964	1426	403
78	chrX:75584550-75584624		3	0.6689895470383276	1152	266
78	chrX:75584550-75584624		4	0.48257839721254353	831	159
78	chrX:75584550-75584624		5	0.31765389082462253	547	88
78	chrX:75584550-75584624		7	0.12601626016260162	217	27
78	chrX:75584550-75584624		10	0.018583042973286876	32	3
78	chrX:75584550-75584624		20	0.0	0	0
78	chrX:75584550-75584624		30	0.0	0	0
