All	all_regions		0	1.0	439164	439164
All	all_regions		1	1.0	439164	39105
All	all_regions		2	0.9726912952792123	427171	27112
All	all_regions		3	0.9587830514340884	421063	24058
All	all_regions		4	0.9441165487152863	414622	21911
All	all_regions		5	0.9295434051971473	408222	20311
All	all_regions		7	0.8985390423623065	394606	17828
All	all_regions		10	0.8485690994708127	372661	15058
All	all_regions		20	0.6348949367434489	278823	8437
All	all_regions		30	0.4257202320773105	186961	4610
0	chr10:71634826-71634890		0	1.0	29	29
0	chr10:71634826-71634890		1	1.0	29	2
0	chr10:71634826-71634890		2	1.0	29	2
0	chr10:71634826-71634890		3	1.0	29	2
0	chr10:71634826-71634890		4	1.0	29	2
0	chr10:71634826-71634890		5	1.0	29	2
0	chr10:71634826-71634890		7	1.0	29	2
0	chr10:71634826-71634890		10	1.0	29	2
0	chr10:71634826-71634890		20	0.0	0	0
0	chr10:71634826-71634890		30	0.0	0	0
1	chr17:7673726-7673833	TP53_7	0	1.0	49114	49114
1	chr17:7673726-7673833	TP53_7	1	1.0	49114	6208
1	chr17:7673726-7673833	TP53_7	2	0.942093903978499	46270	3364
1	chr17:7673726-7673833	TP53_7	3	0.9179052815897707	45082	2770
1	chr17:7673726-7673833	TP53_7	4	0.8953658834548194	43975	2401
1	chr17:7673726-7673833	TP53_7	5	0.8755751924094963	43003	2158
1	chr17:7673726-7673833	TP53_7	7	0.8400659689701511	41259	1839
1	chr17:7673726-7673833	TP53_7	10	0.7957405220507391	39082	1565
1	chr17:7673726-7673833	TP53_7	20	0.6075660707741174	29840	917
1	chr17:7673726-7673833	TP53_7	30	0.41338518548682657	20303	522
2	chr17:7674178-7674286	TP53_1	0	1.0	48258	48258
2	chr17:7674178-7674286	TP53_1	1	1.0	48258	4260
2	chr17:7674178-7674286	TP53_1	2	0.9701189440092834	46816	2818
2	chr17:7674178-7674286	TP53_1	3	0.9558622404575408	46128	2474
2	chr17:7674178-7674286	TP53_1	4	0.9407559368394878	45399	2231
2	chr17:7674178-7674286	TP53_1	5	0.9266650089104397	44719	2061
2	chr17:7674178-7674286	TP53_1	7	0.897302001740644	43302	1803
2	chr17:7674178-7674286	TP53_1	10	0.8568113058974678	41348	1558
2	chr17:7674178-7674286	TP53_1	20	0.6880517219942808	33204	995
2	chr17:7674178-7674286	TP53_1	30	0.49158688714824483	23723	601
3	chr2:32916227-32916337		0	1.0	1604	1604
3	chr2:32916227-32916337		1	1.0	1604	652
3	chr2:32916227-32916337		2	0.706359102244389	1133	181
3	chr2:32916227-32916337		3	0.6140897755610972	985	107
3	chr2:32916227-32916337		4	0.559850374064838	898	78
3	chr2:32916227-32916337		5	0.5049875311720698	810	56
3	chr2:32916227-32916337		7	0.43017456359102246	690	34
3	chr2:32916227-32916337		10	0.37531172069825436	602	23
3	chr2:32916227-32916337		20	0.26870324189526185	431	9
3	chr2:32916227-32916337		30	0.2231920199501247	358	6
4	chr2:32916348-32916627		0	1.0	27214	27214
4	chr2:32916348-32916627		1	1.0	27214	3216
4	chr2:32916348-32916627		2	0.968692584699052	26362	2364
4	chr2:32916348-32916627		3	0.942015139266554	25636	2001
4	chr2:32916348-32916627		4	0.910266774454325	24772	1713
4	chr2:32916348-32916627		5	0.8798412581759388	23944	1506
4	chr2:32916348-32916627		7	0.8032262805908723	21859	1126
4	chr2:32916348-32916627		10	0.6873300507091938	18705	722
4	chr2:32916348-32916627		20	0.43179980892187847	11751	199
4	chr2:32916348-32916627		30	0.3433894319100463	9345	95
5	chr3:179199120-179199194	PIK3CA_123	0	1.0	86024	86024
5	chr3:179199120-179199194	PIK3CA_123	1	1.0	86024	7312
5	chr3:179199120-179199194	PIK3CA_123	2	0.9788896122012462	84208	5496
5	chr3:179199120-179199194	PIK3CA_123	3	0.9676369385287826	83240	5012
5	chr3:179199120-179199194	PIK3CA_123	4	0.9544545708174463	82106	4634
5	chr3:179199120-179199194	PIK3CA_123	5	0.94022598344648	80882	4328
5	chr3:179199120-179199194	PIK3CA_123	7	0.9091300102297033	78207	3840
5	chr3:179199120-179199194	PIK3CA_123	10	0.8522040360829536	73310	3224
5	chr3:179199120-179199194	PIK3CA_123	20	0.5917534641495397	50905	1642
5	chr3:179199120-179199194	PIK3CA_123	30	0.35966706965498	30940	805
6	chr3:179234247-179234331	PIK3CA_234	0	1.0	110316	110316
6	chr3:179234247-179234331	PIK3CA_234	1	1.0	110316	8200
6	chr3:179234247-179234331	PIK3CA_234	2	0.9801116791761848	108122	6006
6	chr3:179234247-179234331	PIK3CA_234	3	0.9700134160049313	107008	5449
6	chr3:179234247-179234331	PIK3CA_234	4	0.959706660865151	105871	5070
6	chr3:179234247-179234331	PIK3CA_234	5	0.9487200406106095	104659	4767
6	chr3:179234247-179234331	PIK3CA_234	7	0.9254958482903659	102097	4299
6	chr3:179234247-179234331	PIK3CA_234	10	0.8882301751332535	97986	3781
6	chr3:179234247-179234331	PIK3CA_234	20	0.6976866456361724	76966	2314
6	chr3:179234247-179234331	PIK3CA_234	30	0.4859131948221473	53604	1348
7	chr4:54733122-54733204	KIT_125	0	1.0	116586	116586
7	chr4:54733122-54733204	KIT_125	1	1.0	116586	9254
7	chr4:54733122-54733204	KIT_125	2	0.979637349252912	114212	6880
7	chr4:54733122-54733204	KIT_125	3	0.9686926389103323	112936	6242
7	chr4:54733122-54733204	KIT_125	4	0.9568301511330691	111553	5781
7	chr4:54733122-54733204	KIT_125	5	0.9448561576861716	110157	5432
7	chr4:54733122-54733204	KIT_125	7	0.9190125744085911	107144	4884
7	chr4:54733122-54733204	KIT_125	10	0.8712881478050538	101580	4182
7	chr4:54733122-54733204	KIT_125	20	0.6495291029797746	75726	2361
7	chr4:54733122-54733204	KIT_125	30	0.41761446485855935	48688	1233
8	chr7:55174734-55174854		0	1.0	19	19
8	chr7:55174734-55174854		1	1.0	19	1
8	chr7:55174734-55174854		2	1.0	19	1
8	chr7:55174734-55174854		3	1.0	19	1
8	chr7:55174734-55174854		4	1.0	19	1
8	chr7:55174734-55174854		5	1.0	19	1
8	chr7:55174734-55174854		7	1.0	19	1
8	chr7:55174734-55174854		10	1.0	19	1
8	chr7:55174734-55174854		20	0.0	0	0
8	chr7:55174734-55174854		30	0.0	0	0
