All	all_regions		0	1.0	389897	389897
All	all_regions		1	1.0	389897	39109
All	all_regions		2	0.9698817892930697	378154	27366
All	all_regions		3	0.9522463625008656	371278	23928
All	all_regions		4	0.933002818693142	363775	21427
All	all_regions		5	0.913695155387192	356247	19545
All	all_regions		7	0.876975201142866	341930	16924
All	all_regions		10	0.819675452747777	319589	14109
All	all_regions		20	0.5655775756161242	220517	7107
All	all_regions		30	0.31806861812222204	124014	3124
0	chr1:161548622-161548712		0	1.0	19	19
0	chr1:161548622-161548712		1	1.0	19	1
0	chr1:161548622-161548712		2	1.0	19	1
0	chr1:161548622-161548712		3	1.0	19	1
0	chr1:161548622-161548712		4	1.0	19	1
0	chr1:161548622-161548712		5	1.0	19	1
0	chr1:161548622-161548712		7	1.0	19	1
0	chr1:161548622-161548712		10	1.0	19	1
0	chr1:161548622-161548712		20	0.0	0	0
0	chr1:161548622-161548712		30	0.0	0	0
1	chr10:71634826-71634893		0	1.0	10	10
1	chr10:71634826-71634893		1	1.0	10	2
1	chr10:71634826-71634893		2	0.9	9	1
1	chr10:71634826-71634893		3	0.9	9	1
1	chr10:71634826-71634893		4	0.9	9	1
1	chr10:71634826-71634893		5	0.9	9	1
1	chr10:71634826-71634893		7	0.9	9	1
1	chr10:71634826-71634893		10	0.0	0	0
1	chr10:71634826-71634893		20	0.0	0	0
1	chr10:71634826-71634893		30	0.0	0	0
2	chr17:7673726-7673833	TP53_7	0	1.0	47808	47808
2	chr17:7673726-7673833	TP53_7	1	1.0	47808	6197
2	chr17:7673726-7673833	TP53_7	2	0.9414742302543507	45010	3399
2	chr17:7673726-7673833	TP53_7	3	0.9168340026773761	43832	2810
2	chr17:7673726-7673833	TP53_7	4	0.8933023761713521	42707	2435
2	chr17:7673726-7673833	TP53_7	5	0.8747280789825971	41819	2213
2	chr17:7673726-7673833	TP53_7	7	0.837914156626506	40059	1889
2	chr17:7673726-7673833	TP53_7	10	0.7867720883534136	37614	1581
2	chr17:7673726-7673833	TP53_7	20	0.5778739959839357	27627	878
2	chr17:7673726-7673833	TP53_7	30	0.3550870147255689	16976	445
3	chr17:7674178-7674286	TP53_1	0	1.0	47900	47900
3	chr17:7674178-7674286	TP53_1	1	1.0	47900	4339
3	chr17:7674178-7674286	TP53_1	2	0.9714405010438414	46532	2971
3	chr17:7674178-7674286	TP53_1	3	0.9575365344467641	45866	2638
3	chr17:7674178-7674286	TP53_1	4	0.9409394572025053	45071	2373
3	chr17:7674178-7674286	TP53_1	5	0.9237369519832985	44247	2167
3	chr17:7674178-7674286	TP53_1	7	0.8954279749478079	42891	1919
3	chr17:7674178-7674286	TP53_1	10	0.8550313152400835	40956	1676
3	chr17:7674178-7674286	TP53_1	20	0.6443006263048017	30862	976
3	chr17:7674178-7674286	TP53_1	30	0.4055949895615866	19428	512
4	chr2:32916228-32916337		0	1.0	863	863
4	chr2:32916228-32916337		1	1.0	863	419
4	chr2:32916228-32916337		2	0.6500579374275782	561	117
4	chr2:32916228-32916337		3	0.5388180764774044	465	69
4	chr2:32916228-32916337		4	0.4380069524913094	378	40
4	chr2:32916228-32916337		5	0.3962920046349942	342	31
4	chr2:32916228-32916337		7	0.3082271147161066	266	17
4	chr2:32916228-32916337		10	0.23290845886442643	201	9
4	chr2:32916228-32916337		20	0.1564310544611819	135	4
4	chr2:32916228-32916337		30	0.10081112398609501	87	2
5	chr2:32916347-32916569		0	1.0	7836	7836
5	chr2:32916347-32916569		1	1.0	7836	1754
5	chr2:32916347-32916569		2	0.9187085247575294	7199	1117
5	chr2:32916347-32916569		3	0.8380551301684533	6567	801
5	chr2:32916347-32916569		4	0.7480857580398163	5862	566
5	chr2:32916347-32916569		5	0.6500765696784073	5094	374
5	chr2:32916347-32916569		7	0.5252679938744257	4116	195
5	chr2:32916347-32916569		10	0.439382337927514	3443	108
5	chr2:32916347-32916569		20	0.3296324655436447	2583	46
5	chr2:32916347-32916569		30	0.28637059724349156	2244	33
6	chr2:32916473-32916625		0	1.0	15981	15981
6	chr2:32916473-32916625		1	1.0	15981	2082
6	chr2:32916473-32916625		2	0.9496902571804017	15177	1278
6	chr2:32916473-32916625		3	0.903760715850072	14443	911
6	chr2:32916473-32916625		4	0.8547650334772542	13660	650
6	chr2:32916473-32916625		5	0.8154683686878168	13032	493
6	chr2:32916473-32916625		7	0.7555847568988173	12075	317
6	chr2:32916473-32916625		10	0.7017082785808147	11214	205
6	chr2:32916473-32916625		20	0.6210499968712847	9925	108
6	chr2:32916473-32916625		30	0.5618547024591702	8979	68
7	chr3:179199120-179199194	PIK3CA_123	0	1.0	71626	71626
7	chr3:179199120-179199194	PIK3CA_123	1	1.0	71626	7163
7	chr3:179199120-179199194	PIK3CA_123	2	0.9762097562337698	69922	5459
7	chr3:179199120-179199194	PIK3CA_123	3	0.9616340435037556	68878	4937
7	chr3:179199120-179199194	PIK3CA_123	4	0.9451735403345154	67699	4544
7	chr3:179199120-179199194	PIK3CA_123	5	0.9262977131209338	66347	4206
7	chr3:179199120-179199194	PIK3CA_123	7	0.8814117778460335	63132	3618
7	chr3:179199120-179199194	PIK3CA_123	10	0.7995699885516433	57270	2884
7	chr3:179199120-179199194	PIK3CA_123	20	0.4749671906849468	34020	1219
7	chr3:179199120-179199194	PIK3CA_123	30	0.1974701923882389	14144	386
8	chr3:179199161-179199193	PIK3CA_123	0	1.0	10	10
8	chr3:179199161-179199193	PIK3CA_123	1	1.0	10	1
8	chr3:179199161-179199193	PIK3CA_123	2	1.0	10	1
8	chr3:179199161-179199193	PIK3CA_123	3	1.0	10	1
8	chr3:179199161-179199193	PIK3CA_123	4	1.0	10	1
8	chr3:179199161-179199193	PIK3CA_123	5	1.0	10	1
8	chr3:179199161-179199193	PIK3CA_123	7	1.0	10	1
8	chr3:179199161-179199193	PIK3CA_123	10	1.0	10	1
8	chr3:179199161-179199193	PIK3CA_123	20	0.0	0	0
8	chr3:179199161-179199193	PIK3CA_123	30	0.0	0	0
9	chr3:179234247-179234330	PIK3CA_234	0	1.0	94741	94741
9	chr3:179234247-179234330	PIK3CA_234	1	1.0	94741	8098
9	chr3:179234247-179234330	PIK3CA_234	2	0.97867871354535	92721	6078
9	chr3:179234247-179234330	PIK3CA_234	3	0.9657803907495172	91499	5467
9	chr3:179234247-179234330	PIK3CA_234	4	0.9519426647386031	90188	5030
9	chr3:179234247-179234330	PIK3CA_234	5	0.9378832817892993	88856	4697
9	chr3:179234247-179234330	PIK3CA_234	7	0.9106300334596426	86274	4226
9	chr3:179234247-179234330	PIK3CA_234	10	0.8601766922451737	81494	3627
9	chr3:179234247-179234330	PIK3CA_234	20	0.6044056955278074	57262	1926
9	chr3:179234247-179234330	PIK3CA_234	30	0.3249068513104147	30782	838
10	chr4:54733122-54733204	KIT_125	0	1.0	103103	103103
10	chr4:54733122-54733204	KIT_125	1	1.0	103103	9053
10	chr4:54733122-54733204	KIT_125	2	0.9795447271175427	100994	6944
10	chr4:54733122-54733204	KIT_125	3	0.9668971804894135	99690	6292
10	chr4:54733122-54733204	KIT_125	4	0.9521740395526803	98172	5786
10	chr4:54733122-54733204	KIT_125	5	0.9356856735497512	96472	5361
10	chr4:54733122-54733204	KIT_125	7	0.9027768348156697	93079	4740
10	chr4:54733122-54733204	KIT_125	10	0.8473856240846532	87368	4017
10	chr4:54733122-54733204	KIT_125	20	0.5635432528636413	58103	1950
10	chr4:54733122-54733204	KIT_125	30	0.3042976441034693	31374	840
