All	all_regions		0	1.0	387335	387335
All	all_regions		1	1.0	387335	115577
All	all_regions		2	0.8374972568964849	324392	52634
All	all_regions		3	0.7418900951372842	287360	34118
All	all_regions		4	0.6670711399692772	258380	24458
All	all_regions		5	0.60661701111441	234964	18604
All	all_regions		7	0.5089857616791666	197148	11640
All	all_regions		10	0.3943821240011876	152758	5976
All	all_regions		20	0.2356203286560729	91264	1076
All	all_regions		30	0.21004814953464054	81359	651
0	chr1:78921651-78921776	ELTD_1	0	1.0	193	193
0	chr1:78921651-78921776	ELTD_1	1	1.0	193	39
0	chr1:78921651-78921776	ELTD_1	2	0.9481865284974094	183	29
0	chr1:78921651-78921776	ELTD_1	3	0.8963730569948186	173	24
0	chr1:78921651-78921776	ELTD_1	4	0.8341968911917098	161	20
0	chr1:78921651-78921776	ELTD_1	5	0.7512953367875648	145	16
0	chr1:78921651-78921776	ELTD_1	7	0.5854922279792746	113	10
0	chr1:78921651-78921776	ELTD_1	10	0.5077720207253886	98	8
0	chr1:78921651-78921776	ELTD_1	20	0.0	0	0
0	chr1:78921651-78921776	ELTD_1	30	0.0	0	0
1	chr1:114709543-114709623	NRAS_146_3	0	1.0	1134	1134
1	chr1:114709543-114709623	NRAS_146_3	1	1.0	1134	316
1	chr1:114709543-114709623	NRAS_146_3	2	0.9188712522045855	1042	224
1	chr1:114709543-114709623	NRAS_146_3	3	0.8447971781305115	958	182
1	chr1:114709543-114709623	NRAS_146_3	4	0.7178130511463845	814	134
1	chr1:114709543-114709623	NRAS_146_3	5	0.5943562610229277	674	99
1	chr1:114709543-114709623	NRAS_146_3	7	0.3289241622574956	373	44
1	chr1:114709543-114709623	NRAS_146_3	10	0.09788359788359788	111	10
1	chr1:114709543-114709623	NRAS_146_3	20	0.0	0	0
1	chr1:114709543-114709623	NRAS_146_3	30	0.0	0	0
2	chr1:114713878-114713960	NRAS_881_3	0	1.0	10230	10230
2	chr1:114713878-114713960	NRAS_881_3	1	1.0	10230	2947
2	chr1:114713878-114713960	NRAS_881_3	2	0.9128054740957967	9338	2055
2	chr1:114713878-114713960	NRAS_881_3	3	0.8191593352883676	8380	1576
2	chr1:114713878-114713960	NRAS_881_3	4	0.6877810361681329	7036	1128
2	chr1:114713878-114713960	NRAS_881_3	5	0.5669599217986315	5800	819
2	chr1:114713878-114713960	NRAS_881_3	7	0.34301075268817205	3509	396
2	chr1:114713878-114713960	NRAS_881_3	10	0.13147605083088953	1345	115
2	chr1:114713878-114713960	NRAS_881_3	20	0.0	0	0
2	chr1:114713878-114713960	NRAS_881_3	30	0.0	0	0
3	chr1:114716092-114716160	NRAS_089	0	1.0	12912	12912
3	chr1:114716092-114716160	NRAS_089	1	1.0	12912	4019
3	chr1:114716092-114716160	NRAS_089	2	0.8784076827757125	11342	2449
3	chr1:114716092-114716160	NRAS_089	3	0.7975526641883519	10298	1927
3	chr1:114716092-114716160	NRAS_089	4	0.6811493184634448	8795	1426
3	chr1:114716092-114716160	NRAS_089	5	0.5621902106567535	7259	1042
3	chr1:114716092-114716160	NRAS_089	7	0.33627633209417596	4342	505
3	chr1:114716092-114716160	NRAS_089	10	0.10618029739776952	1371	118
3	chr1:114716092-114716160	NRAS_089	20	0.0015489467162329617	20	1
3	chr1:114716092-114716160	NRAS_089	30	0.0	0	0
5	chr10:31970038-31970086		0	1.0	54	54
5	chr10:31970038-31970086		1	1.0	54	50
5	chr10:31970038-31970086		2	0.1111111111111111	6	2
5	chr10:31970038-31970086		3	0.07407407407407407	4	1
5	chr10:31970038-31970086		4	0.07407407407407407	4	1
5	chr10:31970038-31970086		5	0.0	0	0
5	chr10:31970038-31970086		7	0.0	0	0
5	chr10:31970038-31970086		10	0.0	0	0
5	chr10:31970038-31970086		20	0.0	0	0
5	chr10:31970038-31970086		30	0.0	0	0
6	chr10:87933004-87933079	PTEN_91_98	0	1.0	102	102
6	chr10:87933004-87933079	PTEN_91_98	1	1.0	102	29
6	chr10:87933004-87933079	PTEN_91_98	2	0.9117647058823529	93	20
6	chr10:87933004-87933079	PTEN_91_98	3	0.8725490196078431	89	18
6	chr10:87933004-87933079	PTEN_91_98	4	0.6666666666666666	68	11
6	chr10:87933004-87933079	PTEN_91_98	5	0.6274509803921569	64	10
6	chr10:87933004-87933079	PTEN_91_98	7	0.3137254901960784	32	4
6	chr10:87933004-87933079	PTEN_91_98	10	0.0	0	0
6	chr10:87933004-87933079	PTEN_91_98	20	0.0	0	0
6	chr10:87933004-87933079	PTEN_91_98	30	0.0	0	0
7	chr10:87952111-87952195	PTEN_115	0	1.0	4233	4233
7	chr10:87952111-87952195	PTEN_115	1	1.0	4233	855
7	chr10:87952111-87952195	PTEN_115	2	0.9463737302149775	4006	628
7	chr10:87952111-87952195	PTEN_115	3	0.9005433498700685	3812	531
7	chr10:87952111-87952195	PTEN_115	4	0.8388849515709899	3551	444
7	chr10:87952111-87952195	PTEN_115	5	0.7708480982754548	3263	372
7	chr10:87952111-87952195	PTEN_115	7	0.6194188518781006	2622	254
7	chr10:87952111-87952195	PTEN_115	10	0.37821875738247107	1601	123
7	chr10:87952111-87952195	PTEN_115	20	0.04299551145759509	182	8
7	chr10:87952111-87952195	PTEN_115	30	0.0	0	0
8	chr10:87952158-87952195	PTEN_115	0	1.0	372	372
8	chr10:87952158-87952195	PTEN_115	1	1.0	372	87
8	chr10:87952158-87952195	PTEN_115	2	0.9543010752688172	355	70
8	chr10:87952158-87952195	PTEN_115	3	0.9059139784946236	337	61
8	chr10:87952158-87952195	PTEN_115	4	0.8091397849462365	301	49
8	chr10:87952158-87952195	PTEN_115	5	0.6478494623655914	241	34
8	chr10:87952158-87952195	PTEN_115	7	0.4435483870967742	165	20
8	chr10:87952158-87952195	PTEN_115	10	0.08870967741935484	33	3
8	chr10:87952158-87952195	PTEN_115	20	0.0	0	0
8	chr10:87952158-87952195	PTEN_115	30	0.0	0	0
9	chr10:87961008-87961098	PTEN_911	0	1.0	3136	3136
9	chr10:87961008-87961098	PTEN_911	1	1.0	3136	917
9	chr10:87961008-87961098	PTEN_911	2	0.9116709183673469	2859	640
9	chr10:87961008-87961098	PTEN_911	3	0.8102678571428571	2541	481
9	chr10:87961008-87961098	PTEN_911	4	0.6887755102040817	2160	354
9	chr10:87961008-87961098	PTEN_911	5	0.5586734693877551	1752	252
9	chr10:87961008-87961098	PTEN_911	7	0.3083545918367347	967	109
9	chr10:87961008-87961098	PTEN_911	10	0.09948979591836735	312	26
9	chr10:87961008-87961098	PTEN_911	20	0.0	0	0
9	chr10:87961008-87961098	PTEN_911	30	0.0	0	0
10	chr10:87961061-87961094	PTEN_911	0	1.0	4	4
10	chr10:87961061-87961094	PTEN_911	1	1.0	4	2
10	chr10:87961061-87961094	PTEN_911	2	0.75	3	1
10	chr10:87961061-87961094	PTEN_911	3	0.75	3	1
10	chr10:87961061-87961094	PTEN_911	4	0.0	0	0
10	chr10:87961061-87961094	PTEN_911	5	0.0	0	0
10	chr10:87961061-87961094	PTEN_911	7	0.0	0	0
10	chr10:87961061-87961094	PTEN_911	10	0.0	0	0
10	chr10:87961061-87961094	PTEN_911	20	0.0	0	0
10	chr10:87961061-87961094	PTEN_911	30	0.0	0	0
11	chr11:61391244-61391288		0	1.0	184	184
11	chr11:61391244-61391288		1	1.0	184	163
11	chr11:61391244-61391288		2	0.16847826086956522	31	10
11	chr11:61391244-61391288		3	0.125	23	6
11	chr11:61391244-61391288		4	0.07608695652173914	14	3
11	chr11:61391244-61391288		5	0.05434782608695652	10	2
11	chr11:61391244-61391288		7	0.0	0	0
11	chr11:61391244-61391288		10	0.0	0	0
11	chr11:61391244-61391288		20	0.0	0	0
11	chr11:61391244-61391288		30	0.0	0	0
12	chr12:25225593-25225717	KRAS_144_147A	0	1.0	546	546
12	chr12:25225593-25225717	KRAS_144_147A	1	1.0	546	81
12	chr12:25225593-25225717	KRAS_144_147A	2	0.9908424908424909	541	76
12	chr12:25225593-25225717	KRAS_144_147A	3	0.9505494505494505	519	65
12	chr12:25225593-25225717	KRAS_144_147A	4	0.9175824175824175	501	59
12	chr12:25225593-25225717	KRAS_144_147A	5	0.8809523809523809	481	54
12	chr12:25225593-25225717	KRAS_144_147A	7	0.73992673992674	404	40
12	chr12:25225593-25225717	KRAS_144_147A	10	0.4175824175824176	228	18
12	chr12:25225593-25225717	KRAS_144_147A	20	0.0	0	0
12	chr12:25225593-25225717	KRAS_144_147A	30	0.0	0	0
13	chr12:25225666-25225750	KRAS_117_1	0	1.0	1370	1370
13	chr12:25225666-25225750	KRAS_117_1	1	1.0	1370	331
13	chr12:25225666-25225750	KRAS_117_1	2	0.9211678832116789	1262	223
13	chr12:25225666-25225750	KRAS_117_1	3	0.8540145985401459	1170	177
13	chr12:25225666-25225750	KRAS_117_1	4	0.7751824817518248	1062	141
13	chr12:25225666-25225750	KRAS_117_1	5	0.6905109489051094	946	112
13	chr12:25225666-25225750	KRAS_117_1	7	0.5197080291970803	712	70
13	chr12:25225666-25225750	KRAS_117_1	10	0.3014598540145985	413	32
13	chr12:25225666-25225750	KRAS_117_1	20	0.0	0	0
13	chr12:25225666-25225750	KRAS_117_1	30	0.0	0	0
14	chr12:25227300-25227378	KRAS_59_1	0	1.0	2157	2157
14	chr12:25227300-25227378	KRAS_59_1	1	1.0	2157	416
14	chr12:25227300-25227378	KRAS_59_1	2	0.9485396383866481	2046	305
14	chr12:25227300-25227378	KRAS_59_1	3	0.9058878071395456	1954	259
14	chr12:25227300-25227378	KRAS_59_1	4	0.8530366249420491	1840	221
14	chr12:25227300-25227378	KRAS_59_1	5	0.7770050996754752	1676	180
14	chr12:25227300-25227378	KRAS_59_1	7	0.6689847009735744	1443	137
14	chr12:25227300-25227378	KRAS_59_1	10	0.4330088085303663	934	72
14	chr12:25227300-25227378	KRAS_59_1	20	0.019007881316643487	41	2
14	chr12:25227300-25227378	KRAS_59_1	30	0.0	0	0
15	chr12:25245267-25245393	KRAS_1	0	1.0	2252	2252
15	chr12:25245267-25245393	KRAS_1	1	1.0	2252	369
15	chr12:25245267-25245393	KRAS_1	2	0.9573712255772646	2156	273
15	chr12:25245267-25245393	KRAS_1	3	0.9280639431616341	2090	240
15	chr12:25245267-25245393	KRAS_1	4	0.8867673179396093	1997	209
15	chr12:25245267-25245393	KRAS_1	5	0.8370337477797514	1885	181
15	chr12:25245267-25245393	KRAS_1	7	0.7082593250444049	1595	128
15	chr12:25245267-25245393	KRAS_1	10	0.5750444049733571	1295	90
15	chr12:25245267-25245393	KRAS_1	20	0.0905861456483126	204	9
15	chr12:25245267-25245393	KRAS_1	30	0.013765541740674956	31	1
16	chr12:25245350-25245395	KRAS_1	0	1.0	6	6
16	chr12:25245350-25245395	KRAS_1	1	1.0	6	3
16	chr12:25245350-25245395	KRAS_1	2	0.6666666666666666	4	1
16	chr12:25245350-25245395	KRAS_1	3	0.6666666666666666	4	1
16	chr12:25245350-25245395	KRAS_1	4	0.6666666666666666	4	1
16	chr12:25245350-25245395	KRAS_1	5	0.0	0	0
16	chr12:25245350-25245395	KRAS_1	7	0.0	0	0
16	chr12:25245350-25245395	KRAS_1	10	0.0	0	0
16	chr12:25245350-25245395	KRAS_1	20	0.0	0	0
16	chr12:25245350-25245395	KRAS_1	30	0.0	0	0
17	chr12:45836877-45836956	ARID2_880	0	1.0	9201	9201
17	chr12:45836877-45836956	ARID2_880	1	1.0	9201	2325
17	chr12:45836877-45836956	ARID2_880	2	0.9153352896424302	8422	1546
17	chr12:45836877-45836956	ARID2_880	3	0.844690794478861	7772	1221
17	chr12:45836877-45836956	ARID2_880	4	0.7560047820889034	6956	949
17	chr12:45836877-45836956	ARID2_880	5	0.6716661232474731	6180	755
17	chr12:45836877-45836956	ARID2_880	7	0.5022280186936202	4621	470
17	chr12:45836877-45836956	ARID2_880	10	0.2851863927833931	2624	215
17	chr12:45836877-45836956	ARID2_880	20	0.004673405064666884	43	2
17	chr12:45836877-45836956	ARID2_880	30	0.0	0	0
18	chr12:45848840-45848921		0	1.0	6958	6958
18	chr12:45848840-45848921		1	1.0	6958	1257
18	chr12:45848840-45848921		2	0.9627766599597586	6699	998
18	chr12:45848840-45848921		3	0.9233975280252946	6425	861
18	chr12:45848840-45848921		4	0.8587237711986203	5975	711
18	chr12:45848840-45848921		5	0.8041103765449842	5595	616
18	chr12:45848840-45848921		7	0.6585225639551595	4582	428
18	chr12:45848840-45848921		10	0.42354124748490946	2947	221
18	chr12:45848840-45848921		20	0.03995400977292325	278	13
18	chr12:45848840-45848921		30	0.0	0	0
19	chr14:77269792-77269828		0	1.0	1906	1906
19	chr14:77269792-77269828		1	1.0	1906	1675
19	chr14:77269792-77269828		2	0.22140608604407136	422	191
19	chr14:77269792-77269828		3	0.05456453305351522	104	32
19	chr14:77269792-77269828		4	0.012067156348373556	23	5
19	chr14:77269792-77269828		5	0.0036726128016789086	7	1
19	chr14:77269792-77269828		7	0.0036726128016789086	7	1
19	chr14:77269792-77269828		10	0.0	0	0
19	chr14:77269792-77269828		20	0.0	0	0
19	chr14:77269792-77269828		30	0.0	0	0
20	chr14:99420939-99420986		0	1.0	142	142
20	chr14:99420939-99420986		1	1.0	142	105
20	chr14:99420939-99420986		2	0.34507042253521125	49	12
20	chr14:99420939-99420986		3	0.2605633802816901	37	6
20	chr14:99420939-99420986		4	0.19718309859154928	28	3
20	chr14:99420939-99420986		5	0.14084507042253522	20	1
20	chr14:99420939-99420986		7	0.14084507042253522	20	1
20	chr14:99420939-99420986		10	0.14084507042253522	20	1
20	chr14:99420939-99420986		20	0.14084507042253522	20	1
20	chr14:99420939-99420986		30	0.0	0	0
21	chr14:104780190-104780266	AKT_1_33765_v3	0	1.0	5701	5701
21	chr14:104780190-104780266	AKT_1_33765_v3	1	1.0	5701	1335
21	chr14:104780190-104780266	AKT_1_33765_v3	2	0.9179091387475882	5233	867
21	chr14:104780190-104780266	AKT_1_33765_v3	3	0.8656376074372917	4935	718
21	chr14:104780190-104780266	AKT_1_33765_v3	4	0.8035432380284161	4581	600
21	chr14:104780190-104780266	AKT_1_33765_v3	5	0.731976846167339	4173	498
21	chr14:104780190-104780266	AKT_1_33765_v3	7	0.5549903525697246	3164	315
21	chr14:104780190-104780266	AKT_1_33765_v3	10	0.3341519031748816	1905	156
21	chr14:104780190-104780266	AKT_1_33765_v3	20	0.011576916330468338	66	3
21	chr14:104780190-104780266	AKT_1_33765_v3	30	0.0	0	0
22	chr15:41426681-41426724		0	1.0	26	26
22	chr15:41426681-41426724		1	1.0	26	19
22	chr15:41426681-41426724		2	0.4230769230769231	11	4
22	chr15:41426681-41426724		3	0.19230769230769232	5	1
22	chr15:41426681-41426724		4	0.19230769230769232	5	1
22	chr15:41426681-41426724		5	0.19230769230769232	5	1
22	chr15:41426681-41426724		7	0.0	0	0
22	chr15:41426681-41426724		10	0.0	0	0
22	chr15:41426681-41426724		20	0.0	0	0
22	chr15:41426681-41426724		30	0.0	0	0
23	chr17:7669613-7669691	TP53_374_385	0	1.0	1126	1126
23	chr17:7669613-7669691	TP53_374_385	1	1.0	1126	294
23	chr17:7669613-7669691	TP53_374_385	2	0.9040852575488455	1018	186
23	chr17:7669613-7669691	TP53_374_385	3	0.8383658969804618	944	149
23	chr17:7669613-7669691	TP53_374_385	4	0.7744227353463587	872	125
23	chr17:7669613-7669691	TP53_374_385	5	0.6962699822380106	784	103
23	chr17:7669613-7669691	TP53_374_385	7	0.4786856127886323	539	58
23	chr17:7669613-7669691	TP53_374_385	10	0.21047957371225579	237	20
23	chr17:7669613-7669691	TP53_374_385	20	0.0	0	0
23	chr17:7669613-7669691	TP53_374_385	30	0.0	0	0
24	chr17:7669646-7669722	TP53_374_385	0	1.0	117	117
24	chr17:7669646-7669722	TP53_374_385	1	1.0	117	33
24	chr17:7669646-7669722	TP53_374_385	2	0.9145299145299145	107	23
24	chr17:7669646-7669722	TP53_374_385	3	0.7777777777777778	91	15
24	chr17:7669646-7669722	TP53_374_385	4	0.7521367521367521	88	14
24	chr17:7669646-7669722	TP53_374_385	5	0.6153846153846154	72	10
24	chr17:7669646-7669722	TP53_374_385	7	0.36752136752136755	43	5
24	chr17:7669646-7669722	TP53_374_385	10	0.09401709401709402	11	1
24	chr17:7669646-7669722	TP53_374_385	20	0.0	0	0
24	chr17:7669646-7669722	TP53_374_385	30	0.0	0	0
25	chr17:7670626-7670732	TP53_345	0	1.0	9414	9414
25	chr17:7670626-7670732	TP53_345	1	1.0	9414	1908
25	chr17:7670626-7670732	TP53_345	2	0.9405141278946251	8854	1348
25	chr17:7670626-7670732	TP53_345	3	0.8908009347779903	8386	1114
25	chr17:7670626-7670732	TP53_345	4	0.834714255364351	7858	938
25	chr17:7670626-7670732	TP53_345	5	0.7709793923943064	7258	788
25	chr17:7670626-7670732	TP53_345	7	0.6322498406628426	5952	552
25	chr17:7670626-7670732	TP53_345	10	0.42404928829403016	3992	303
25	chr17:7670626-7670732	TP53_345	20	0.0372848948374761	351	15
25	chr17:7670626-7670732	TP53_345	30	0.0036116422349691947	34	1
26	chr17:7670696-7670731	TP53_342	0	1.0	5	5
26	chr17:7670696-7670731	TP53_342	1	1.0	5	1
26	chr17:7670696-7670731	TP53_342	2	1.0	5	1
26	chr17:7670696-7670731	TP53_342	3	1.0	5	1
26	chr17:7670696-7670731	TP53_342	4	1.0	5	1
26	chr17:7670696-7670731	TP53_342	5	1.0	5	1
26	chr17:7670696-7670731	TP53_342	7	0.0	0	0
26	chr17:7670696-7670731	TP53_342	10	0.0	0	0
26	chr17:7670696-7670731	TP53_342	20	0.0	0	0
26	chr17:7670696-7670731	TP53_342	30	0.0	0	0
27	chr17:7673504-7673582	TP53_323	0	1.0	653	653
27	chr17:7673504-7673582	TP53_323	1	1.0	653	137
27	chr17:7673504-7673582	TP53_323	2	0.9433384379785605	616	100
27	chr17:7673504-7673582	TP53_323	3	0.8943338437978561	584	84
27	chr17:7673504-7673582	TP53_323	4	0.8346094946401225	545	71
27	chr17:7673504-7673582	TP53_323	5	0.77947932618683	509	62
27	chr17:7673504-7673582	TP53_323	7	0.5926493108728943	387	39
27	chr17:7673504-7673582	TP53_323	10	0.30321592649310875	198	15
27	chr17:7673504-7673582	TP53_323	20	0.030627871362940276	20	1
27	chr17:7673504-7673582	TP53_323	30	0.0	0	0
28	chr17:7673672-7673825	TP53_298_306	0	1.0	2813	2813
28	chr17:7673672-7673825	TP53_298_306	1	1.0	2813	662
28	chr17:7673672-7673825	TP53_298_306	2	0.9203697120511909	2589	438
28	chr17:7673672-7673825	TP53_298_306	3	0.8663348738002133	2437	362
28	chr17:7673672-7673825	TP53_298_306	4	0.8023462495556346	2257	302
28	chr17:7673672-7673825	TP53_298_306	5	0.7141841450408816	2009	240
28	chr17:7673672-7673825	TP53_298_306	7	0.5407038748666904	1521	151
28	chr17:7673672-7673825	TP53_298_306	10	0.29790259509420547	838	64
28	chr17:7673672-7673825	TP53_298_306	20	0.03199431212228937	90	4
28	chr17:7673672-7673825	TP53_298_306	30	0.0	0	0
29	chr17:7673731-7673826	TP53_0280_0289	0	1.0	2412	2412
29	chr17:7673731-7673826	TP53_0280_0289	1	1.0	2412	558
29	chr17:7673731-7673826	TP53_0280_0289	2	0.9286898839137645	2240	386
29	chr17:7673731-7673826	TP53_0280_0289	3	0.8698175787728026	2098	315
29	chr17:7673731-7673826	TP53_0280_0289	4	0.7927031509121062	1912	253
29	chr17:7673731-7673826	TP53_0280_0289	5	0.7064676616915423	1704	201
29	chr17:7673731-7673826	TP53_0280_0289	7	0.5439469320066335	1312	128
29	chr17:7673731-7673826	TP53_0280_0289	10	0.3511608623548922	847	69
29	chr17:7673731-7673826	TP53_0280_0289	20	0.009535655058043118	23	1
29	chr17:7673731-7673826	TP53_0280_0289	30	0.0	0	0
30	chr17:7674160-7674238	TP53_0248_0261	0	1.0	1144	1144
30	chr17:7674160-7674238	TP53_0248_0261	1	1.0	1144	307
30	chr17:7674160-7674238	TP53_0248_0261	2	0.8872377622377622	1015	178
30	chr17:7674160-7674238	TP53_0248_0261	3	0.8312937062937062	951	146
30	chr17:7674160-7674238	TP53_0248_0261	4	0.75	858	115
30	chr17:7674160-7674238	TP53_0248_0261	5	0.666083916083916	762	91
30	chr17:7674160-7674238	TP53_0248_0261	7	0.5131118881118881	587	60
30	chr17:7674160-7674238	TP53_0248_0261	10	0.31993006993006995	366	31
30	chr17:7674160-7674238	TP53_0248_0261	20	0.0	0	0
30	chr17:7674160-7674238	TP53_0248_0261	30	0.0	0	0
31	chr17:7674186-7674216	TP53_0248_0261	0	1.0	35	35
31	chr17:7674186-7674216	TP53_0248_0261	1	1.0	35	25
31	chr17:7674186-7674216	TP53_0248_0261	2	0.5142857142857142	18	8
31	chr17:7674186-7674216	TP53_0248_0261	3	0.17142857142857143	6	2
31	chr17:7674186-7674216	TP53_0248_0261	4	0.0	0	0
31	chr17:7674186-7674216	TP53_0248_0261	5	0.0	0	0
31	chr17:7674186-7674216	TP53_0248_0261	7	0.0	0	0
31	chr17:7674186-7674216	TP53_0248_0261	10	0.0	0	0
31	chr17:7674186-7674216	TP53_0248_0261	20	0.0	0	0
31	chr17:7674186-7674216	TP53_0248_0261	30	0.0	0	0
32	chr17:7674210-7674288	TP53_0248_0261	0	1.0	280	280
32	chr17:7674210-7674288	TP53_0248_0261	1	1.0	280	57
32	chr17:7674210-7674288	TP53_0248_0261	2	0.9321428571428572	261	38
32	chr17:7674210-7674288	TP53_0248_0261	3	0.8821428571428571	247	31
32	chr17:7674210-7674288	TP53_0248_0261	4	0.8071428571428572	226	24
32	chr17:7674210-7674288	TP53_0248_0261	5	0.7785714285714286	218	22
32	chr17:7674210-7674288	TP53_0248_0261	7	0.7035714285714286	197	18
32	chr17:7674210-7674288	TP53_0248_0261	10	0.45	126	9
32	chr17:7674210-7674288	TP53_0248_0261	20	0.075	21	1
32	chr17:7674210-7674288	TP53_0248_0261	30	0.0	0	0
33	chr17:7674820-7674943	TP53_219_224	0	1.0	668	668
33	chr17:7674820-7674943	TP53_219_224	1	1.0	668	179
33	chr17:7674820-7674943	TP53_219_224	2	0.9146706586826348	611	122
33	chr17:7674820-7674943	TP53_219_224	3	0.8398203592814372	561	97
33	chr17:7674820-7674943	TP53_219_224	4	0.75	501	77
33	chr17:7674820-7674943	TP53_219_224	5	0.624251497005988	417	56
33	chr17:7674820-7674943	TP53_219_224	7	0.4116766467065868	275	30
33	chr17:7674820-7674943	TP53_219_224	10	0.19910179640718562	133	12
33	chr17:7674820-7674943	TP53_219_224	20	0.0	0	0
33	chr17:7674820-7674943	TP53_219_224	30	0.0	0	0
34	chr17:7674892-7674966	TP53_0196_0205	0	1.0	686	686
34	chr17:7674892-7674966	TP53_0196_0205	1	1.0	686	158
34	chr17:7674892-7674966	TP53_0196_0205	2	0.9373177842565598	643	115
34	chr17:7674892-7674966	TP53_0196_0205	3	0.8731778425655977	599	93
34	chr17:7674892-7674966	TP53_0196_0205	4	0.7857142857142857	539	73
34	chr17:7674892-7674966	TP53_0196_0205	5	0.6807580174927114	467	55
34	chr17:7674892-7674966	TP53_0196_0205	7	0.5379008746355685	369	37
34	chr17:7674892-7674966	TP53_0196_0205	10	0.33527696793002915	230	19
34	chr17:7674892-7674966	TP53_0196_0205	20	0.0	0	0
34	chr17:7674892-7674966	TP53_0196_0205	30	0.0	0	0
35	chr17:7674924-7674998	TP53_0196_0205	0	1.0	477	477
35	chr17:7674924-7674998	TP53_0196_0205	1	1.0	477	104
35	chr17:7674924-7674998	TP53_0196_0205	2	0.9371069182389937	447	74
35	chr17:7674924-7674998	TP53_0196_0205	3	0.8909853249475891	425	63
35	chr17:7674924-7674998	TP53_0196_0205	4	0.8092243186582809	386	50
35	chr17:7674924-7674998	TP53_0196_0205	5	0.750524109014675	358	43
35	chr17:7674924-7674998	TP53_0196_0205	7	0.5828092243186582	278	28
35	chr17:7674924-7674998	TP53_0196_0205	10	0.35639412997903563	170	14
35	chr17:7674924-7674998	TP53_0196_0205	20	0.0	0	0
35	chr17:7674924-7674998	TP53_0196_0205	30	0.0	0	0
36	chr17:7675035-7675133	TP53_172A	0	1.0	15635	15635
36	chr17:7675035-7675133	TP53_172A	1	1.0	15635	3587
36	chr17:7675035-7675133	TP53_172A	2	0.9186440677966101	14363	2315
36	chr17:7675035-7675133	TP53_172A	3	0.8686280780300608	13581	1924
36	chr17:7675035-7675133	TP53_172A	4	0.8095299008634474	12657	1616
36	chr17:7675035-7675133	TP53_172A	5	0.7330348576910777	11461	1317
36	chr17:7675035-7675133	TP53_172A	7	0.5910457307323314	9241	912
36	chr17:7675035-7675133	TP53_172A	10	0.3532459226095299	5523	442
36	chr17:7675035-7675133	TP53_172A	20	0.017780620402942118	278	12
36	chr17:7675035-7675133	TP53_172A	30	0.0	0	0
37	chr17:7675940-7676031	TP53_122	0	1.0	3161	3161
37	chr17:7675940-7676031	TP53_122	1	1.0	3161	715
37	chr17:7675940-7676031	TP53_122	2	0.932932616260677	2949	503
37	chr17:7675940-7676031	TP53_122	3	0.8835811452072129	2793	425
37	chr17:7675940-7676031	TP53_122	4	0.7972160708636508	2520	334
37	chr17:7675940-7676031	TP53_122	5	0.7023093957608352	2220	259
37	chr17:7675940-7676031	TP53_122	7	0.5412844036697247	1711	166
37	chr17:7675940-7676031	TP53_122	10	0.3438785194558684	1087	85
37	chr17:7675940-7676031	TP53_122	20	0.021195824106295474	67	3
37	chr17:7675940-7676031	TP53_122	30	0.0	0	0
38	chr17:7675975-7676053	TP53_122	0	1.0	213	213
38	chr17:7675975-7676053	TP53_122	1	1.0	213	48
38	chr17:7675975-7676053	TP53_122	2	0.9342723004694836	199	34
38	chr17:7675975-7676053	TP53_122	3	0.8873239436619719	189	29
38	chr17:7675975-7676053	TP53_122	4	0.8028169014084507	171	23
38	chr17:7675975-7676053	TP53_122	5	0.7276995305164319	155	19
38	chr17:7675975-7676053	TP53_122	7	0.5821596244131455	124	13
38	chr17:7675975-7676053	TP53_122	10	0.29107981220657275	62	5
38	chr17:7675975-7676053	TP53_122	20	0.0	0	0
38	chr17:7675975-7676053	TP53_122	30	0.0	0	0
39	chr17:7676016-7676144	TP53_113_125	0	1.0	987	987
39	chr17:7676016-7676144	TP53_113_125	1	1.0	987	274
39	chr17:7676016-7676144	TP53_113_125	2	0.889564336372847	878	165
39	chr17:7676016-7676144	TP53_113_125	3	0.8247213779128673	814	133
39	chr17:7676016-7676144	TP53_113_125	4	0.7244174265450861	715	100
39	chr17:7676016-7676144	TP53_113_125	5	0.6312056737588653	623	77
39	chr17:7676016-7676144	TP53_113_125	7	0.47416413373860183	468	49
39	chr17:7676016-7676144	TP53_113_125	10	0.21681864235055726	214	17
39	chr17:7676016-7676144	TP53_113_125	20	0.020263424518743668	20	1
39	chr17:7676016-7676144	TP53_113_125	30	0.0	0	0
40	chr17:7676360-7676439	TP53_026	0	1.0	2712	2712
40	chr17:7676360-7676439	TP53_026	1	1.0	2712	623
40	chr17:7676360-7676439	TP53_026	2	0.9170353982300885	2487	398
40	chr17:7676360-7676439	TP53_026	3	0.8617256637168141	2337	323
40	chr17:7676360-7676439	TP53_026	4	0.7986725663716814	2166	266
40	chr17:7676360-7676439	TP53_026	5	0.7382005899705014	2002	225
40	chr17:7676360-7676439	TP53_026	7	0.5800147492625368	1573	147
40	chr17:7676360-7676439	TP53_026	10	0.4056047197640118	1100	87
40	chr17:7676360-7676439	TP53_026	20	0.03281710914454277	89	4
40	chr17:7676360-7676439	TP53_026	30	0.0	0	0
41	chr17:39724695-39724777	ERBB2_14062_v1	0	1.0	312	312
41	chr17:39724695-39724777	ERBB2_14062_v1	1	1.0	312	103
41	chr17:39724695-39724777	ERBB2_14062_v1	2	0.875	273	64
41	chr17:39724695-39724777	ERBB2_14062_v1	3	0.7532051282051282	235	45
41	chr17:39724695-39724777	ERBB2_14062_v1	4	0.657051282051282	205	35
41	chr17:39724695-39724777	ERBB2_14062_v1	5	0.49038461538461536	153	22
41	chr17:39724695-39724777	ERBB2_14062_v1	7	0.266025641025641	83	9
41	chr17:39724695-39724777	ERBB2_14062_v1	10	0.11858974358974358	37	3
41	chr17:39724695-39724777	ERBB2_14062_v1	20	0.0	0	0
41	chr17:39724695-39724777	ERBB2_14062_v1	30	0.0	0	0
42	chr2:29209760-29209838	ALK7_v2	0	1.0	154	154
42	chr2:29209760-29209838	ALK7_v2	1	1.0	154	58
42	chr2:29209760-29209838	ALK7_v2	2	0.8311688311688312	128	32
42	chr2:29209760-29209838	ALK7_v2	3	0.7142857142857143	110	23
42	chr2:29209760-29209838	ALK7_v2	4	0.5974025974025974	92	17
42	chr2:29209760-29209838	ALK7_v2	5	0.44155844155844154	68	11
42	chr2:29209760-29209838	ALK7_v2	7	0.16883116883116883	26	3
42	chr2:29209760-29209838	ALK7_v2	10	0.07142857142857142	11	1
42	chr2:29209760-29209838	ALK7_v2	20	0.0	0	0
42	chr2:29209760-29209838	ALK7_v2	30	0.0	0	0
43	chr2:29213938-29214034	ALK6_v2	0	1.0	1694	1694
43	chr2:29213938-29214034	ALK6_v2	1	1.0	1694	335
43	chr2:29213938-29214034	ALK6_v2	2	0.9451003541912633	1601	242
43	chr2:29213938-29214034	ALK6_v2	3	0.8990554899645808	1523	203
43	chr2:29213938-29214034	ALK6_v2	4	0.8282172373081464	1403	163
43	chr2:29213938-29214034	ALK6_v2	5	0.7904368358913814	1339	147
43	chr2:29213938-29214034	ALK6_v2	7	0.6735537190082644	1141	112
43	chr2:29213938-29214034	ALK6_v2	10	0.41263282172373084	699	56
43	chr2:29213938-29214034	ALK6_v2	20	0.011806375442739079	20	1
43	chr2:29213938-29214034	ALK6_v2	30	0.0	0	0
44	chr2:29220708-29220812	ALK5	0	1.0	1389	1389
44	chr2:29220708-29220812	ALK5	1	1.0	1389	473
44	chr2:29220708-29220812	ALK5	2	0.849532037437005	1180	264
44	chr2:29220708-29220812	ALK5	3	0.7703383729301656	1070	209
44	chr2:29220708-29220812	ALK5	4	0.6429085673146149	893	150
44	chr2:29220708-29220812	ALK5	5	0.5363570914326854	745	113
44	chr2:29220708-29220812	ALK5	7	0.2584593232541397	359	41
44	chr2:29220708-29220812	ALK5	10	0.08495320374370051	118	11
44	chr2:29220708-29220812	ALK5	20	0.0	0	0
44	chr2:29220708-29220812	ALK5	30	0.0	0	0
45	chr2:29220780-29220863	ALK5	0	1.0	3266	3266
45	chr2:29220780-29220863	ALK5	1	1.0	3266	739
45	chr2:29220780-29220863	ALK5	2	0.9415186772810777	3075	548
45	chr2:29220780-29220863	ALK5	3	0.8753827311696265	2859	440
45	chr2:29220780-29220863	ALK5	4	0.8000612369871403	2613	358
45	chr2:29220780-29220863	ALK5	5	0.7180036742192284	2345	291
45	chr2:29220780-29220863	ALK5	7	0.5278628291488059	1724	177
45	chr2:29220780-29220863	ALK5	10	0.2826086956521739	923	74
45	chr2:29220780-29220863	ALK5	20	0.013165952235150031	43	2
45	chr2:29220780-29220863	ALK5	30	0.0	0	0
46	chr2:29222320-29222396	ALK3	0	1.0	580	580
46	chr2:29222320-29222396	ALK3	1	1.0	580	181
46	chr2:29222320-29222396	ALK3	2	0.8879310344827587	515	116
46	chr2:29222320-29222396	ALK3	3	0.8189655172413793	475	96
46	chr2:29222320-29222396	ALK3	4	0.6896551724137931	400	71
46	chr2:29222320-29222396	ALK3	5	0.4896551724137931	284	42
46	chr2:29222320-29222396	ALK3	7	0.24655172413793103	143	16
46	chr2:29222320-29222396	ALK3	10	0.10344827586206896	60	5
46	chr2:29222320-29222396	ALK3	20	0.034482758620689655	20	1
46	chr2:29222320-29222396	ALK3	30	0.0	0	0
47	chr2:29222347-29222434	ALK3	0	1.0	9187	9187
47	chr2:29222347-29222434	ALK3	1	1.0	9187	2165
47	chr2:29222347-29222434	ALK3	2	0.9253292696201154	8501	1479
47	chr2:29222347-29222434	ALK3	3	0.8661151627299445	7957	1207
47	chr2:29222347-29222434	ALK3	4	0.7903559377381082	7261	975
47	chr2:29222347-29222434	ALK3	5	0.7058887558506586	6485	781
47	chr2:29222347-29222434	ALK3	7	0.541308370523566	4973	502
47	chr2:29222347-29222434	ALK3	10	0.29890062044192883	2746	219
47	chr2:29222347-29222434	ALK3	20	0.011320343964297376	104	5
47	chr2:29222347-29222434	ALK3	30	0.0	0	0
48	chr2:29222535-29222621	ALK1_v2	0	1.0	2122	2122
48	chr2:29222535-29222621	ALK1_v2	1	1.0	2122	683
48	chr2:29222535-29222621	ALK1_v2	2	0.8878416588124411	1884	445
48	chr2:29222535-29222621	ALK1_v2	3	0.7681432610744581	1630	318
48	chr2:29222535-29222621	ALK1_v2	4	0.6281809613572101	1333	219
48	chr2:29222535-29222621	ALK1_v2	5	0.5113100848256362	1085	157
48	chr2:29222535-29222621	ALK1_v2	7	0.2874646559849199	610	71
48	chr2:29222535-29222621	ALK1_v2	10	0.09142318567389256	194	17
48	chr2:29222535-29222621	ALK1_v2	20	0.0	0	0
48	chr2:29222535-29222621	ALK1_v2	30	0.0	0	0
49	chr2:32916216-32916337		0	1.0	10449	10449
49	chr2:32916216-32916337		1	1.0	10449	5914
49	chr2:32916216-32916337		2	0.5211982007847641	5446	911
49	chr2:32916216-32916337		3	0.4465499090822088	4666	521
49	chr2:32916216-32916337		4	0.40089960761795385	4189	362
49	chr2:32916216-32916337		5	0.37295434969853575	3897	289
49	chr2:32916216-32916337		7	0.32070054550674704	3351	188
49	chr2:32916216-32916337		10	0.2686381471911188	2807	121
49	chr2:32916216-32916337		20	0.1654703799406642	1729	40
49	chr2:32916216-32916337		30	0.12929466934634892	1351	24
50	chr2:32916340-32916626		0	1.0	187618	187618
50	chr2:32916340-32916626		1	1.0	187618	60078
50	chr2:32916340-32916626		2	0.7938310823055357	148937	21397
50	chr2:32916340-32916626		3	0.6713375049302306	125955	9906
50	chr2:32916340-32916626		4	0.597863744416847	112170	5311
50	chr2:32916340-32916626		5	0.5552878721657837	104182	3314
50	chr2:32916340-32916626		7	0.5169919730516261	96997	1967
50	chr2:32916340-32916626		10	0.4923728000511678	92378	1369
50	chr2:32916340-32916626		20	0.45607564306196635	85568	859
50	chr2:32916340-32916626		30	0.4257320726156339	79875	623
51	chr2:65033007-65033044		0	1.0	3	3
51	chr2:65033007-65033044		1	1.0	3	1
51	chr2:65033007-65033044		2	1.0	3	1
51	chr2:65033007-65033044		3	1.0	3	1
51	chr2:65033007-65033044		4	0.0	0	0
51	chr2:65033007-65033044		5	0.0	0	0
51	chr2:65033007-65033044		7	0.0	0	0
51	chr2:65033007-65033044		10	0.0	0	0
51	chr2:65033007-65033044		20	0.0	0	0
51	chr2:65033007-65033044		30	0.0	0	0
52	chr2:153222303-153222349		0	1.0	126	126
52	chr2:153222303-153222349		1	1.0	126	70
52	chr2:153222303-153222349		2	0.5238095238095238	66	10
52	chr2:153222303-153222349		3	0.4603174603174603	58	6
52	chr2:153222303-153222349		4	0.4365079365079365	55	5
52	chr2:153222303-153222349		5	0.4365079365079365	55	5
52	chr2:153222303-153222349		7	0.35714285714285715	45	3
52	chr2:153222303-153222349		10	0.35714285714285715	45	3
52	chr2:153222303-153222349		20	0.1746031746031746	22	1
52	chr2:153222303-153222349		30	0.0	0	0
53	chr2:222866738-222866783		0	1.0	110	110
53	chr2:222866738-222866783		1	1.0	110	95
53	chr2:222866738-222866783		2	0.19090909090909092	21	6
53	chr2:222866738-222866783		3	0.17272727272727273	19	5
53	chr2:222866738-222866783		4	0.11818181818181818	13	3
53	chr2:222866738-222866783		5	0.045454545454545456	5	1
53	chr2:222866738-222866783		7	0.0	0	0
53	chr2:222866738-222866783		10	0.0	0	0
53	chr2:222866738-222866783		20	0.0	0	0
53	chr2:222866738-222866783		30	0.0	0	0
54	chr22:16572073-16572170		0	1.0	3951	3951
54	chr22:16572073-16572170		1	1.0	3951	2836
54	chr22:16572073-16572170		2	0.48620602379144523	1921	806
54	chr22:16572073-16572170		3	0.18400404960769426	727	209
54	chr22:16572073-16572170		4	0.07086813464945584	280	60
54	chr22:16572073-16572170		5	0.030372057706909643	120	20
54	chr22:16572073-16572170		7	0.010883320678309289	43	5
54	chr22:16572073-16572170		10	0.0027841052898000505	11	1
54	chr22:16572073-16572170		20	0.0	0	0
54	chr22:16572073-16572170		30	0.0	0	0
55	chr3:41224578-41224676		0	1.0	3260	3260
55	chr3:41224578-41224676		1	1.0	3260	568
55	chr3:41224578-41224676		2	0.9570552147239264	3120	428
55	chr3:41224578-41224676		3	0.9245398773006135	3014	375
55	chr3:41224578-41224676		4	0.8693251533742331	2834	315
55	chr3:41224578-41224676		5	0.8128834355828221	2650	269
55	chr3:41224578-41224676		7	0.7012269938650306	2286	202
55	chr3:41224578-41224676		10	0.5202453987730061	1696	128
55	chr3:41224578-41224676		20	0.04938650306748466	161	7
55	chr3:41224578-41224676		30	0.0	0	0
56	chr3:125371353-125371386		0	1.0	22	22
56	chr3:125371353-125371386		1	1.0	22	20
56	chr3:125371353-125371386		2	0.13636363636363635	3	1
56	chr3:125371353-125371386		3	0.13636363636363635	3	1
56	chr3:125371353-125371386		4	0.0	0	0
56	chr3:125371353-125371386		5	0.0	0	0
56	chr3:125371353-125371386		7	0.0	0	0
56	chr3:125371353-125371386		10	0.0	0	0
56	chr3:125371353-125371386		20	0.0	0	0
56	chr3:125371353-125371386		30	0.0	0	0
57	chr3:179199120-179199194	PIK3CA_123	0	1.0	10858	10858
57	chr3:179199120-179199194	PIK3CA_123	1	1.0	10858	2158
57	chr3:179199120-179199194	PIK3CA_123	2	0.9532142199300055	10350	1650
57	chr3:179199120-179199194	PIK3CA_123	3	0.906060047890956	9838	1394
57	chr3:179199120-179199194	PIK3CA_123	4	0.8405783753914164	9127	1157
57	chr3:179199120-179199194	PIK3CA_123	5	0.7606373181064653	8259	940
57	chr3:179199120-179199194	PIK3CA_123	7	0.6026892613741021	6544	625
57	chr3:179199120-179199194	PIK3CA_123	10	0.3774175722969239	4098	313
57	chr3:179199120-179199194	PIK3CA_123	20	0.03941794068889298	428	19
57	chr3:179199120-179199194	PIK3CA_123	30	0.0	0	0
58	chr3:179218255-179218353	PIK3CA_258	0	1.0	5905	5905
58	chr3:179218255-179218353	PIK3CA_258	1	1.0	5905	3150
58	chr3:179218255-179218353	PIK3CA_258	2	0.643861134631668	3802	1047
58	chr3:179218255-179218353	PIK3CA_258	3	0.44335309060118544	2618	455
58	chr3:179218255-179218353	PIK3CA_258	4	0.34276037256562236	2024	257
58	chr3:179218255-179218353	PIK3CA_258	5	0.29127857747671465	1720	181
58	chr3:179218255-179218353	PIK3CA_258	7	0.23725656223539374	1401	122
58	chr3:179218255-179218353	PIK3CA_258	10	0.17900084674005082	1057	78
58	chr3:179218255-179218353	PIK3CA_258	20	0.011854360711261643	70	3
58	chr3:179218255-179218353	PIK3CA_258	30	0.0	0	0
59	chr3:179234247-179234329	PIK3CA_234	0	1.0	11566	11566
59	chr3:179234247-179234329	PIK3CA_234	1	1.0	11566	1948
59	chr3:179234247-179234329	PIK3CA_234	2	0.9628220646723155	11136	1518
59	chr3:179234247-179234329	PIK3CA_234	3	0.9263358118623551	10714	1307
59	chr3:179234247-179234329	PIK3CA_234	4	0.8856130036313332	10243	1150
59	chr3:179234247-179234329	PIK3CA_234	5	0.8309700847311084	9611	992
59	chr3:179234247-179234329	PIK3CA_234	7	0.704910945875843	8153	724
59	chr3:179234247-179234329	PIK3CA_234	10	0.49680096835552484	5746	423
59	chr3:179234247-179234329	PIK3CA_234	20	0.05213556977347397	603	27
59	chr3:179234247-179234329	PIK3CA_234	30	0.0027667300708974583	32	1
60	chr3:185246513-185246546		0	1.0	4	4
60	chr3:185246513-185246546		1	1.0	4	2
60	chr3:185246513-185246546		2	0.75	3	1
60	chr3:185246513-185246546		3	0.75	3	1
60	chr3:185246513-185246546		4	0.0	0	0
60	chr3:185246513-185246546		5	0.0	0	0
60	chr3:185246513-185246546		7	0.0	0	0
60	chr3:185246513-185246546		10	0.0	0	0
60	chr3:185246513-185246546		20	0.0	0	0
60	chr3:185246513-185246546		30	0.0	0	0
61	chr4:41216410-41216451		0	1.0	22	22
61	chr4:41216410-41216451		1	1.0	22	18
61	chr4:41216410-41216451		2	0.2727272727272727	6	2
61	chr4:41216410-41216451		3	0.18181818181818182	4	1
61	chr4:41216410-41216451		4	0.18181818181818182	4	1
61	chr4:41216410-41216451		5	0.0	0	0
61	chr4:41216410-41216451		7	0.0	0	0
61	chr4:41216410-41216451		10	0.0	0	0
61	chr4:41216410-41216451		20	0.0	0	0
61	chr4:41216410-41216451		30	0.0	0	0
62	chr4:54274822-54274896	PDGFRA_1_v4	0	1.0	70	70
62	chr4:54274822-54274896	PDGFRA_1_v4	1	1.0	70	18
62	chr4:54274822-54274896	PDGFRA_1_v4	2	0.9428571428571428	66	14
62	chr4:54274822-54274896	PDGFRA_1_v4	3	0.8857142857142857	62	12
62	chr4:54274822-54274896	PDGFRA_1_v4	4	0.7571428571428571	53	9
62	chr4:54274822-54274896	PDGFRA_1_v4	5	0.5857142857142857	41	6
62	chr4:54274822-54274896	PDGFRA_1_v4	7	0.2857142857142857	20	2
62	chr4:54274822-54274896	PDGFRA_1_v4	10	0.17142857142857143	12	1
62	chr4:54274822-54274896	PDGFRA_1_v4	20	0.0	0	0
62	chr4:54274822-54274896	PDGFRA_1_v4	30	0.0	0	0
63	chr4:54285827-54285904	PDGFRA_3_v1	0	1.0	717	717
63	chr4:54285827-54285904	PDGFRA_3_v1	1	1.0	717	239
63	chr4:54285827-54285904	PDGFRA_3_v1	2	0.8828451882845189	633	155
63	chr4:54285827-54285904	PDGFRA_3_v1	3	0.7712691771269177	553	115
63	chr4:54285827-54285904	PDGFRA_3_v1	4	0.6290097629009763	451	81
63	chr4:54285827-54285904	PDGFRA_3_v1	5	0.4895397489539749	351	56
63	chr4:54285827-54285904	PDGFRA_3_v1	7	0.18270571827057183	131	16
63	chr4:54285827-54285904	PDGFRA_3_v1	10	0.043235704323570434	31	3
63	chr4:54285827-54285904	PDGFRA_3_v1	20	0.0	0	0
63	chr4:54285827-54285904	PDGFRA_3_v1	30	0.0	0	0
64	chr4:54725986-54726056	KIT_1_v1	0	1.0	110	110
64	chr4:54725986-54726056	KIT_1_v1	1	1.0	110	43
64	chr4:54725986-54726056	KIT_1_v1	2	0.8636363636363636	95	28
64	chr4:54725986-54726056	KIT_1_v1	3	0.6454545454545455	71	16
64	chr4:54725986-54726056	KIT_1_v1	4	0.4818181818181818	53	10
64	chr4:54725986-54726056	KIT_1_v1	5	0.33636363636363636	37	6
64	chr4:54725986-54726056	KIT_1_v1	7	0.14545454545454545	16	2
64	chr4:54725986-54726056	KIT_1_v1	10	0.0	0	0
64	chr4:54725986-54726056	KIT_1_v1	20	0.0	0	0
64	chr4:54725986-54726056	KIT_1_v1	30	0.0	0	0
65	chr4:54727405-54727490	KIT_2_v4	0	1.0	32	32
65	chr4:54727405-54727490	KIT_2_v4	1	1.0	32	10
65	chr4:54727405-54727490	KIT_2_v4	2	0.84375	27	5
65	chr4:54727405-54727490	KIT_2_v4	3	0.84375	27	5
65	chr4:54727405-54727490	KIT_2_v4	4	0.75	24	4
65	chr4:54727405-54727490	KIT_2_v4	5	0.75	24	4
65	chr4:54727405-54727490	KIT_2_v4	7	0.25	8	1
65	chr4:54727405-54727490	KIT_2_v4	10	0.0	0	0
65	chr4:54727405-54727490	KIT_2_v4	20	0.0	0	0
65	chr4:54727405-54727490	KIT_2_v4	30	0.0	0	0
66	chr4:54727443-54727494	KIT_2_v4	0	1.0	107	107
66	chr4:54727443-54727494	KIT_2_v4	1	1.0	107	53
66	chr4:54727443-54727494	KIT_2_v4	2	0.7570093457943925	81	27
66	chr4:54727443-54727494	KIT_2_v4	3	0.514018691588785	55	14
66	chr4:54727443-54727494	KIT_2_v4	4	0.3177570093457944	34	7
66	chr4:54727443-54727494	KIT_2_v4	5	0.16822429906542055	18	3
66	chr4:54727443-54727494	KIT_2_v4	7	0.0	0	0
66	chr4:54727443-54727494	KIT_2_v4	10	0.0	0	0
66	chr4:54727443-54727494	KIT_2_v4	20	0.0	0	0
66	chr4:54727443-54727494	KIT_2_v4	30	0.0	0	0
67	chr4:54728024-54728097	KIT_4_v1	0	1.0	1064	1064
67	chr4:54728024-54728097	KIT_4_v1	1	1.0	1064	302
67	chr4:54728024-54728097	KIT_4_v1	2	0.9097744360902256	968	206
67	chr4:54728024-54728097	KIT_4_v1	3	0.8289473684210527	882	163
67	chr4:54728024-54728097	KIT_4_v1	4	0.7302631578947368	777	128
67	chr4:54728024-54728097	KIT_4_v1	5	0.5986842105263158	637	93
67	chr4:54728024-54728097	KIT_4_v1	7	0.3308270676691729	352	40
67	chr4:54728024-54728097	KIT_4_v1	10	0.10432330827067669	111	10
67	chr4:54728024-54728097	KIT_4_v1	20	0.0	0	0
67	chr4:54728024-54728097	KIT_4_v1	30	0.0	0	0
68	chr4:54729318-54729384	KIT_6_v1	0	1.0	246	246
68	chr4:54729318-54729384	KIT_6_v1	1	1.0	246	99
68	chr4:54729318-54729384	KIT_6_v1	2	0.8130081300813008	200	53
68	chr4:54729318-54729384	KIT_6_v1	3	0.6747967479674797	166	36
68	chr4:54729318-54729384	KIT_6_v1	4	0.5284552845528455	130	24
68	chr4:54729318-54729384	KIT_6_v1	5	0.3821138211382114	94	15
68	chr4:54729318-54729384	KIT_6_v1	7	0.17073170731707318	42	5
68	chr4:54729318-54729384	KIT_6_v1	10	0.04065040650406504	10	1
68	chr4:54729318-54729384	KIT_6_v1	20	0.0	0	0
68	chr4:54729318-54729384	KIT_6_v1	30	0.0	0	0
69	chr4:152326108-152326179	FBXW7_505	0	1.0	165	165
69	chr4:152326108-152326179	FBXW7_505	1	1.0	165	46
69	chr4:152326108-152326179	FBXW7_505	2	0.8848484848484849	146	27
69	chr4:152326108-152326179	FBXW7_505	3	0.8606060606060606	142	25
69	chr4:152326108-152326179	FBXW7_505	4	0.7515151515151515	124	19
69	chr4:152326108-152326179	FBXW7_505	5	0.6303030303030303	104	14
69	chr4:152326108-152326179	FBXW7_505	7	0.43636363636363634	72	8
69	chr4:152326108-152326179	FBXW7_505	10	0.15757575757575756	26	2
69	chr4:152326108-152326179	FBXW7_505	20	0.0	0	0
69	chr4:152326108-152326179	FBXW7_505	30	0.0	0	0
70	chr5:112839479-112839550	APC_1304_1310	0	1.0	1872	1872
70	chr5:112839479-112839550	APC_1304_1310	1	1.0	1872	441
70	chr5:112839479-112839550	APC_1304_1310	2	0.9358974358974359	1752	321
70	chr5:112839479-112839550	APC_1304_1310	3	0.8685897435897436	1626	258
70	chr5:112839479-112839550	APC_1304_1310	4	0.782051282051282	1464	204
70	chr5:112839479-112839550	APC_1304_1310	5	0.6858974358974359	1284	159
70	chr5:112839479-112839550	APC_1304_1310	7	0.49145299145299143	920	93
70	chr5:112839479-112839550	APC_1304_1310	10	0.2986111111111111	559	47
70	chr5:112839479-112839550	APC_1304_1310	20	0.0	0	0
70	chr5:112839479-112839550	APC_1304_1310	30	0.0	0	0
71	chr5:112839856-112839981	APC_2	0	1.0	51	51
71	chr5:112839856-112839981	APC_2	1	1.0	51	21
71	chr5:112839856-112839981	APC_2	2	0.7647058823529411	39	9
71	chr5:112839856-112839981	APC_2	3	0.6078431372549019	31	5
71	chr5:112839856-112839981	APC_2	4	0.49019607843137253	25	3
71	chr5:112839856-112839981	APC_2	5	0.49019607843137253	25	3
71	chr5:112839856-112839981	APC_2	7	0.39215686274509803	20	2
71	chr5:112839856-112839981	APC_2	10	0.21568627450980393	11	1
71	chr5:112839856-112839981	APC_2	20	0.0	0	0
71	chr5:112839856-112839981	APC_2	30	0.0	0	0
72	chr6:152098734-152098831	ESR_735	0	1.0	619	619
72	chr6:152098734-152098831	ESR_735	1	1.0	619	113
72	chr6:152098734-152098831	ESR_735	2	0.9563812600969306	592	86
72	chr6:152098734-152098831	ESR_735	3	0.9111470113085622	564	72
72	chr6:152098734-152098831	ESR_735	4	0.8675282714054927	537	63
72	chr6:152098734-152098831	ESR_735	5	0.7641357027463651	473	47
72	chr6:152098734-152098831	ESR_735	7	0.6575121163166397	407	35
72	chr6:152098734-152098831	ESR_735	10	0.4991922455573506	309	22
72	chr6:152098734-152098831	ESR_735	20	0.06462035541195477	40	2
72	chr6:152098734-152098831	ESR_735	30	0.0	0	0
73	chr7:55174729-55174815	EGFR_6223_v4	0	1.0	102	102
73	chr7:55174729-55174815	EGFR_6223_v4	1	1.0	102	41
73	chr7:55174729-55174815	EGFR_6223_v4	2	0.7941176470588235	81	20
73	chr7:55174729-55174815	EGFR_6223_v4	3	0.6764705882352942	69	14
73	chr7:55174729-55174815	EGFR_6223_v4	4	0.6176470588235294	63	12
73	chr7:55174729-55174815	EGFR_6223_v4	5	0.4215686274509804	43	7
73	chr7:55174729-55174815	EGFR_6223_v4	7	0.22549019607843138	23	3
73	chr7:55174729-55174815	EGFR_6223_v4	10	0.0	0	0
73	chr7:55174729-55174815	EGFR_6223_v4	20	0.0	0	0
73	chr7:55174729-55174815	EGFR_6223_v4	30	0.0	0	0
74	chr7:55181356-55181432	EGFR_6240_v4	0	1.0	912	912
74	chr7:55181356-55181432	EGFR_6240_v4	1	1.0	912	274
74	chr7:55181356-55181432	EGFR_6240_v4	2	0.8870614035087719	809	171
74	chr7:55181356-55181432	EGFR_6240_v4	3	0.8103070175438597	739	136
74	chr7:55181356-55181432	EGFR_6240_v4	4	0.7017543859649122	640	103
74	chr7:55181356-55181432	EGFR_6240_v4	5	0.5745614035087719	524	74
74	chr7:55181356-55181432	EGFR_6240_v4	7	0.35526315789473684	324	38
74	chr7:55181356-55181432	EGFR_6240_v4	10	0.08771929824561403	80	7
74	chr7:55181356-55181432	EGFR_6240_v4	20	0.0	0	0
74	chr7:55181356-55181432	EGFR_6240_v4	30	0.0	0	0
75	chr7:55191780-55191865	EGFR_6224_v1	0	1.0	2376	2376
75	chr7:55191780-55191865	EGFR_6224_v1	1	1.0	2376	686
75	chr7:55191780-55191865	EGFR_6224_v1	2	0.8985690235690236	2135	445
75	chr7:55191780-55191865	EGFR_6224_v1	3	0.8093434343434344	1923	339
75	chr7:55191780-55191865	EGFR_6224_v1	4	0.7196969696969697	1710	268
75	chr7:55191780-55191865	EGFR_6224_v1	5	0.617003367003367	1466	207
75	chr7:55191780-55191865	EGFR_6224_v1	7	0.37415824915824913	889	101
75	chr7:55191780-55191865	EGFR_6224_v1	10	0.1447811447811448	344	30
75	chr7:55191780-55191865	EGFR_6224_v1	20	0.0	0	0
75	chr7:55191780-55191865	EGFR_6224_v1	30	0.0	0	0
76	chr7:55191834-55191864	EGFR_6224_v1	0	1.0	4	4
76	chr7:55191834-55191864	EGFR_6224_v1	1	1.0	4	1
76	chr7:55191834-55191864	EGFR_6224_v1	2	1.0	4	1
76	chr7:55191834-55191864	EGFR_6224_v1	3	1.0	4	1
76	chr7:55191834-55191864	EGFR_6224_v1	4	1.0	4	1
76	chr7:55191834-55191864	EGFR_6224_v1	5	0.0	0	0
76	chr7:55191834-55191864	EGFR_6224_v1	7	0.0	0	0
76	chr7:55191834-55191864	EGFR_6224_v1	10	0.0	0	0
76	chr7:55191834-55191864	EGFR_6224_v1	20	0.0	0	0
76	chr7:55191834-55191864	EGFR_6224_v1	30	0.0	0	0
77	chr7:106101434-106101475		0	1.0	185	185
77	chr7:106101434-106101475		1	1.0	185	165
77	chr7:106101434-106101475		2	0.14054054054054055	26	6
77	chr7:106101434-106101475		3	0.12972972972972974	24	5
77	chr7:106101434-106101475		4	0.06486486486486487	12	1
77	chr7:106101434-106101475		5	0.06486486486486487	12	1
77	chr7:106101434-106101475		7	0.06486486486486487	12	1
77	chr7:106101434-106101475		10	0.06486486486486487	12	1
77	chr7:106101434-106101475		20	0.0	0	0
77	chr7:106101434-106101475		30	0.0	0	0
78	chr7:140753302-140753377	BRAF_305	0	1.0	13566	13566
78	chr7:140753302-140753377	BRAF_305	1	1.0	13566	2622
78	chr7:140753302-140753377	BRAF_305	2	0.9445673006044523	12814	1870
78	chr7:140753302-140753377	BRAF_305	3	0.897390535161433	12174	1550
78	chr7:140753302-140753377	BRAF_305	4	0.8425475453339231	11430	1302
78	chr7:140753302-140753377	BRAF_305	5	0.7882942650744509	10694	1118
78	chr7:140753302-140753377	BRAF_305	7	0.6670352351466903	9049	817
78	chr7:140753302-140753377	BRAF_305	10	0.4614477369895327	6260	466
78	chr7:140753302-140753377	BRAF_305	20	0.041058528674627746	557	25
78	chr7:140753302-140753377	BRAF_305	30	0.0	0	0
79	chr8:124172000-124172037		0	1.0	98	98
79	chr8:124172000-124172037		1	1.0	98	50
79	chr8:124172000-124172037		2	0.5612244897959183	55	7
79	chr8:124172000-124172037		3	0.5	49	4
79	chr8:124172000-124172037		4	0.5	49	4
79	chr8:124172000-124172037		5	0.41836734693877553	41	2
79	chr8:124172000-124172037		7	0.3673469387755102	36	1
79	chr8:124172000-124172037		10	0.3673469387755102	36	1
79	chr8:124172000-124172037		20	0.3673469387755102	36	1
79	chr8:124172000-124172037		30	0.3673469387755102	36	1
80	chr9:21971075-21971150	CDKN2A_7_88	0	1.0	2948	2948
80	chr9:21971075-21971150	CDKN2A_7_88	1	1.0	2948	715
80	chr9:21971075-21971150	CDKN2A_7_88	2	0.9043419267299865	2666	433
80	chr9:21971075-21971150	CDKN2A_7_88	3	0.850067842605156	2506	353
80	chr9:21971075-21971150	CDKN2A_7_88	4	0.7991858887381276	2356	303
80	chr9:21971075-21971150	CDKN2A_7_88	5	0.7327001356852103	2160	254
80	chr9:21971075-21971150	CDKN2A_7_88	7	0.594640434192673	1753	179
80	chr9:21971075-21971150	CDKN2A_7_88	10	0.32598371777476254	961	79
80	chr9:21971075-21971150	CDKN2A_7_88	20	0.008480325644504749	25	1
80	chr9:21971075-21971150	CDKN2A_7_88	30	0.0	0	0
81	chr9:21971168-21971243	CDKN2A_051_057	0	1.0	3067	3067
81	chr9:21971168-21971243	CDKN2A_051_057	1	1.0	3067	719
81	chr9:21971168-21971243	CDKN2A_051_057	2	0.9302249755461363	2853	505
81	chr9:21971168-21971243	CDKN2A_051_057	3	0.8676230844473427	2661	409
81	chr9:21971168-21971243	CDKN2A_051_057	4	0.7893707205738507	2421	329
81	chr9:21971168-21971243	CDKN2A_051_057	5	0.6993805021193349	2145	260
81	chr9:21971168-21971243	CDKN2A_051_057	7	0.5285295076622106	1621	165
81	chr9:21971168-21971243	CDKN2A_051_057	10	0.296380828170851	909	74
81	chr9:21971168-21971243	CDKN2A_051_057	20	0.008151287903488751	25	1
81	chr9:21971168-21971243	CDKN2A_051_057	30	0.0	0	0
82	chr9:22006158-22006281		0	1.0	6	6
82	chr9:22006158-22006281		1	1.0	6	1
82	chr9:22006158-22006281		2	1.0	6	1
82	chr9:22006158-22006281		3	1.0	6	1
82	chr9:22006158-22006281		4	1.0	6	1
82	chr9:22006158-22006281		5	1.0	6	1
82	chr9:22006158-22006281		7	0.0	0	0
82	chr9:22006158-22006281		10	0.0	0	0
82	chr9:22006158-22006281		20	0.0	0	0
82	chr9:22006158-22006281		30	0.0	0	0
83	chr9:33675649-33675734		0	1.0	136	136
83	chr9:33675649-33675734		1	1.0	136	33
83	chr9:33675649-33675734		2	0.9411764705882353	128	25
83	chr9:33675649-33675734		3	0.8676470588235294	118	20
83	chr9:33675649-33675734		4	0.7794117647058824	106	16
83	chr9:33675649-33675734		5	0.6617647058823529	90	12
83	chr9:33675649-33675734		7	0.4117647058823529	56	6
83	chr9:33675649-33675734		10	0.18382352941176472	25	2
83	chr9:33675649-33675734		20	0.0	0	0
83	chr9:33675649-33675734		30	0.0	0	0
84	chr9:33676081-33676161		0	1.0	24	24
84	chr9:33676081-33676161		1	1.0	24	10
84	chr9:33676081-33676161		2	0.8333333333333334	20	6
84	chr9:33676081-33676161		3	0.5833333333333334	14	3
84	chr9:33676081-33676161		4	0.4583333333333333	11	2
84	chr9:33676081-33676161		5	0.4583333333333333	11	2
84	chr9:33676081-33676161		7	0.0	0	0
84	chr9:33676081-33676161		10	0.0	0	0
84	chr9:33676081-33676161		20	0.0	0	0
84	chr9:33676081-33676161		30	0.0	0	0
87	chrX:75584550-75584623		0	1.0	903	903
87	chrX:75584550-75584623		1	1.0	903	270
87	chrX:75584550-75584623		2	0.9102990033222591	822	189
87	chrX:75584550-75584623		3	0.8106312292358804	732	144
87	chrX:75584550-75584623		4	0.6744186046511628	609	103
87	chrX:75584550-75584623		5	0.5326688815060908	481	71
87	chrX:75584550-75584623		7	0.29900332225913623	270	33
87	chrX:75584550-75584623		10	0.07198228128460686	65	6
87	chrX:75584550-75584623		20	0.0	0	0
87	chrX:75584550-75584623		30	0.0	0	0
